52.525138792640625
52.525138766053814
52.52513871142805
52.525138656802255
52.52513852066552
52.525138384528795
52.525138151243056
52.52513791795737
52.525137487839565
52.525137057722326
52.52513622965945
52.52513540159974
52.525133737753585
52.52513207392051
52.52512905578024
52.52512603768272
52.52512126412968
52.525116490683985
52.525107823987305
52.525099157643645
52.52508151129158
52.52506386640338
52.525034397171694
52.52500493202158
52.52496344640345
52.52492196887255
52.52486076602171
52.52479958076652
52.524704669542416
52.52460980061271
52.52446431404363
52.52431892677963
52.52408702015476
52.52385536554307
52.52342579115782
52.52299707945903
52.522355850752234
52.521716537909505
52.52074918094713
52.519786162307284
52.518144179698375
52.51651458520107
52.513857463836466
52.51123231704861
52.506998202497904
52.502843395073654
52.493581217777965
52.48463318563299
52.47416847890852
52.46129982777755
52.454309661560266
52.44552690543953
52.43579983903107
52.420737468408525
52.4147458809886
52.40526609232578
52.39500584495657
52.37836768082128
52.36422406450717
52.34840398462255
52.340767655580855
52.335191727288155
52.32292493144668
52.30923197914382
52.30211801375447
52.2940797495343
52.286159823068864
52.27932110943996
52.26805712055102
52.26275137221146
52.260101340145056
52.25745146302891
52.25214604619727
52.24681270676704
52.24028683913039
52.23698055255466
52.23364377166804
52.22687482191231
52.220006890281155
52.21257814392667
52.205096142734945
52.18772535271337
52.169163278650075
52.14706767023494
52.135378954748134
52.11227849947778
52.076858939942106
52.062361087896434
52.048059190294246
52.018157016474035
51.9891216245789
51.96949614594638
51.950258142318
51.93139475901708
51.893486009284885
51.87447628267094
51.837565428070896
51.81161107442419
51.786345707054394
51.761732720889945
51.7377374286111
51.688357892741685
51.641414716564924
51.59362381710121
51.561062813646394
51.5295420007778
51.4969350019662
51.46536204696915
51.434778897699864
51.40509327347007
51.344406531859875
51.28709122149235
51.24382913624105
51.2023168437903
51.12387052591707
51.0842155837298
51.04595752476538
51.00901408434556
50.97327145691274
50.93633154406465
50.900578728754255
50.865930884125255
50.832336287846665
50.78185312801148
50.733489630229535
50.68705758778447
50.64242530604409
50.59656379533985
50.55240701544215
50.50981778582371
50.46869881433305
50.42627209203173
50.36598828224592
50.253596946415215
50.19745227583575
50.143660377723485
50.09203968875634
50.04237292906371
49.991339430376875
49.94221357626639
49.84902607288913
49.80180401459088
49.73987505821657
49.68057029917202
49.6236896004696
49.509377072086785
49.455440333068815
49.40340127514884
49.3498071750227
49.298090774449996
49.24807148332781
49.18642745422099
49.12330786313722
49.06261468629182
49.00414153327494
48.947771702693665
48.88971028718433
48.833614447254625
48.77933456876782
48.726810424647304
48.6198714165869
48.564493176753885
48.46671582739955
48.409888546381566
48.34231396517539
48.302240990730944
48.24068762928328
48.1863827148898
48.08448562418683
48.016394971292556
47.97713387985275
47.8832615498816
47.79554376279975
47.69534053735539
47.62088894178709
47.53506916737211
47.48801903156509
47.439369822285244
47.33387057915144
47.27566275208823
47.21493120800013
47.14868235225872
47.07973566871474
47.00804038685068
46.93353991075827
46.772128038739176
46.68409724935757
46.638048473453466
46.590821882492
46.49068029713774
46.38596227609393
46.27799966554849
46.16516513478043
46.04200203782774
45.977051239698
45.911694843352635
45.779709316279884
45.64612775009935
45.51083321126456
45.38132645356483
45.25698102372622
45.196570308417
45.13725760985733
45.014926417575296
44.896825116370714
44.67183101427403
44.55795125261419
44.44735689684392
44.23502384226158
44.02141726454399
43.91846087050578
43.81784453150562
43.61186390920663
43.41454855436558
43.21409004665777
43.02133442690966
42.82494634458049
42.729433855039524
42.63559357740976
42.44227200692397
42.2554904053597
42.06456226905005
41.87983855274373
41.6908751862749
41.507881364877015
41.13898998235986
40.953261046076165
40.773200503124066
40.409988814049825
40.22696595075764
40.04934317639268
39.8698463069438
39.51221129479257
39.33171276118097
39.15625224234642
38.976435603547664
38.80150358212043
38.447481187319966
38.27063211342907
38.09152441810033
37.9169264363234
37.73767939024718
37.562797043041186
37.207722247768686
37.02742324941025
36.851206203326655
36.669983574587
36.492709348854746
36.310292681243986
36.131695099296486
35.76760376704069
35.58197927960705
35.399937492210015
35.0281340041207
34.838249643517756
34.65174977670216
34.459366800921664
34.270283993695685
34.07516944366792
33.88327864631213
33.49024096955495
33.2890054366792
33.09086371866041
32.68461918178792
32.47886176988371
32.27125861976129
32.061761555827964
31.85032456468285
31.636899568325706
31.42143748949681
31.203892414864963
30.984217949692464
30.76236509837986
30.538285194328918
30.311928583800018
30.08324348701451
29.85217766753304
29.61867746645013
29.38268829632244
29.144156272721894
28.90302570993678
28.659237272789962
28.41272948768493
28.163439164523126
27.911300568589184
27.65624546505884
27.398204535690176
27.2680524195826
27.00539285812051
26.87288706830698
26.60542693470344
26.470476241912372
26.198031614324805
26.06054081440578
25.92218055256757
25.642775481768197
25.50173191773578
25.216841082263336
24.928160387889037
24.78237966027672
24.635608841164554
24.487832509346244
24.339034718339878
24.189198947111645
24.038308115722593
23.88634468546192
23.73329075184874
23.579128055072676
23.42383773065872
23.267399999160347
23.109794045473304
22.950998179658203
22.790990098502682
22.629746992057893
22.46724538889176
22.30346095206711
22.13836834595413
21.971941243166288
21.80415237436513
21.634973436991164
21.464374969955674
21.292326325253466
21.11879560163384
20.94374951049287
20.767153203760476
20.588970084261852
20.409161905080424
20.227688958405803
20.04450988396913
19.85958127772943
19.672857323715025
19.484289936281616
19.2938291276367
19.101422821365503
18.907016169473874
18.710550716499718
18.511964395945395
18.31119197540457
18.108165021227244
17.90281110732622
17.695053010131257
17.484808419966313
17.27198982586994
17.05650406284693
16.838251784164836
16.61712716346677
16.393017701604464
16.16580361541317
15.935356681617934
15.701539235388552
15.464202891035278
15.223186666079627
14.97831512078055
14.72939669141552
14.47622229618405
14.21856326654986
13.956168614572334
13.688763575035702
13.416049201972928
13.1376990745124
12.853348970090634
12.562587298767763
12.264951184060939
11.95991753034626
11.646889864250973
11.325190081814547
10.994046393536097
10.652566268307185
10.299696913005404
9.934187028410543
9.55455177298242
9.15900414973174
8.745347193677686
8.310823687693519
8.084890209451828
7.612147924740914
7.364634846166556
7.108435009707658
6.842664315342239
6.636350208414171
6.423424965591766
6.203128870828441
5.974756116041593
5.655778754282123
5.317940272904305
5.141210912927553
4.958345822798823
4.7687942005638195
4.571687282256935
4.3661020641214545
4.150909209344951
3.92474067038222
3.8072052335451065
3.6862407338696084
3.4323958224306264
3.299334179285552
3.1613424127045646
3.0904052044356614
3.0180254664536554
2.8683856640988825
2.7117894477392257
2.630739858950273
2.5475720616295616
2.418478248452503
2.35191638585286
2.2838190802342484
2.142268103045467
2.0689053102875405
1.9935044967180051
1.9158949473786542
1.8358814220889965
1.7949539198803104
1.753340893751268
1.7110084722774166
1.6679193723286536
1.5791476569490468
1.5335419304504452
1.48699522010125
1.4394492865509354
1.390839343891567
1.3410929448744926
1.290129224725816
1.2201151346990973
1.18424151797461
1.1476931788513343
1.1104315985907116
1.0915350642472677
1.0724443785978417
1.033621350138251
0.9939429920637693
0.9533513431531867
0.9327207056132178
0.9118378571032646
0.8692107684952601
0.8254485530484343
0.8031603797324507
0.780553870772211
0.7576388891445749
0.7460816881606662
0.73445506826287
0.7109827909148022
0.6872674709436166
0.6753402308502048
0.6633630447454325
0.6513399185384159
0.6392750697860737
0.6271729470001405
0.6150383603336468
0.6028764662180003
0.5906926608573395
0.5784926356527984
0.5662824522286286
0.5540685097766622
0.5418575024310552
0.517426048878423
0.5052694058352817
0.4931460488721097
0.48106444248045477
0.46903335680087016
0.457061876023013
0.44515934863837353
0.43333543209360686
0.4215999149671623
0.40996260297023523
0.398433403158441
0.38702227799831435
0.3757391050620828
0.36459374232357245
0.353595809013609
0.34816034823259284
0.34276523510694235
0.33741162524386553
0.33210061899354315
0.32683331898991974
0.3216108327408875
0.3164342408453855
0.311304596849164
0.30622290667361296
0.3011901467935489
0.2962072927145284
0.2912752679710899
0.2863949419306911
0.28156718679696263
0.2720609976274347
0.2673959035676116
0.26278626751638584
0.25823270787912894
0.2537357937543815
0.24490225806171698
0.23630169352961386
0.23209557516760726
0.2279485198069322
0.22386075963874208
0.219832452271972
0.21586372937227824
0.21195467479222463
0.20810531546615338
0.2043156460999007
0.20058559590116304
0.19691505911821494
0.1933038751978257
0.18975185944753503
0.1862587983007625
0.18282438491911945
0.17944828828385506
0.17613010634759846
0.17286941682995277
0.1696657682733052
0.16651869611480669
0.1634276799871076
0.16039217243660744
0.15741161992886443
0.15448542169603807
0.15161298119949598
0.14879365437012995
0.14602680276778598
0.14466340281069856
0.1433128531905652
0.14064887795502024
0.1354631898237085
0.13294844583777438
0.13170968260566202
0.13048284947592464
0.12806361660179572
0.1256909633186568
0.1233640489930439
0.12108204133561092
0.11884408001151986
0.11664930526910544
0.11449687300691488
0.11238591683538891
0.11134614513266883
0.11031642020450724
0.10929663701182736
0.10828669238115972
0.10728648690758869
0.10629592332640388
0.10580427547949119
0.10531500031306967
0.10482808521780114
0.10434351762003671
0.10338127990580717
0.10242828833520798
0.10148444995830636
0.10054967267372696
0.09962386264346947
0.09870692469135799
0.09779876558198199
0.09689929465708617
0.09600842283294078
0.09512606135646745
0.09468808778968232
0.0942522080515
0.09381841121611321
0.09338668649015093
0.09295702322941274
0.09252941093710743
0.09210383924602229
0.09168029788654543
0.09125877661355074
0.09083926514712072
0.09042175314894367
0.09000623023823293
0.08959268606292137
0.0891811103595531
0.08877149300794787
0.08836382406291464
0.08795809373136504
0.08755429233123133
0.08715241024576843
0.08675243788602917
0.0863543656711005
0.08595818404170481
0.08556388350852862
0.0851714546818116
0.08478088827403468
0.08439217509057718
0.08400530601474167
0.08362027199704838
0.08295169289993753
0.0822886448453243
0.08163108098575292
0.08097895516121498
0.08065494200946098
0.08033227116354476
0.08001093709849078
0.07969093433860813
0.07937225745150264
0.07905490104225762
0.07873885974002279
0.07858133358700893
0.07842413417972652
0.07811070693632183
0.07779857870593594
0.07748774415364529
0.07717819797303
0.07686993489212153
0.076562949677583
0.0762572371656734
0.07610485950171098
0.07595279810251977
0.07564961581998135
0.07534769125603072
0.07504701954684172
0.07474759588593417
0.07444941554358699
0.07415247387573078
0.07385676627665323
0.07356228815490078
0.07326903492119081
0.07297700197730471
0.07268618470614192
0.07239657846821632
0.07210817860665382
0.07182098047529041
0.07153497947213178
0.07139242919730665
0.0712501764884873
0.07096655611387019
0.07068411938384876
0.07040286189150033
0.07012277925008854
0.06984386707901856
0.06956612100199039
0.06928953664345758
0.0690141096226596
0.06873983555103307
0.06846671003440802
0.06819472868098651
0.06792388711879638
0.06765418102170274
0.06738560613846534
0.06711815828688622
0.06698485824492201
0.06685183839878525
0.06658663219325221
0.06632254063941047
0.06605955955150924
0.06579768465375907
0.06553691159452389
0.06527723599733509
0.06501865350602357
0.06476115984013185
0.06450475084670303
0.06424942253937138
0.0639951711247556
0.06374199297838103
0.0634898845010918
0.06323884203576279
0.06273990234773535
0.06224518045573306
0.06175464242386889
0.06126825525438394
0.060785988607752736
0.06030781320841751
0.0598336986185277
0.059363613017362094
0.05889752522533722
0.058435405824786915
0.057977226146774516
0.057522956353716154
0.057184815921601066
0.056848844116210634
0.05640421403102781
0.05596338830906365
0.05552633887254549
0.05509303758396147
0.05466345577663726
0.05423756452134636
0.053815335071986915
0.05318871853540145
0.052365646877836604
0.05155672298992018
0.05076171790659967
0.05036947772372448
0.0499806312133469
0.04959515092783519
0.04921300898897316
0.04892858814907919
0.04864601692975321
0.04827209657349347
0.04790141663395764
0.04753395083154029
0.04716967339070537
0.046808558079230594
0.04645057797871374
0.04609570576614482
0.04574391427031689
0.04504927658013686
0.044366676092736555
0.043695932653032676
0.04336504015568527
0.042711731765986076
0.04206984226276707
0.04175322087875152
0.04128347777817274
0.0406667680840059
0.04006108054625676
0.0397624321077093
0.03946651805271759
0.03917333871063646
0.03895526007138346
0.0387387254707179
0.03845241086935048
0.038168867985189765
0.03788812144885852
0.037610205778478865
0.037335163642876826
0.03706304941094728
0.03679392775306458
0.036527876753109374
0.03639604316177787
0.03626501333578637
0.03613480198450833
0.03600542475537065
0.03587689824097655
0.035749240438604155
0.03562247022929313
0.03549660859286463
0.03524767200197317
0.035002645279755815
0.03476173358977533
0.03452516391343653
0.03440861556532328
0.034293262903609775
0.034179153113231234
0.034066371071081056
0.03395495541294535
0.033844945472246896
0.033763385984380286
0.033682656765921117
0.0336027751130243
0.03352375845623349
0.03341977555183637
0.03331740169584333
0.03321667660912561
0.03311764084476049
0.033020333322237604
0.03292479344594759
0.03283105845176866
0.03273916448348918
0.03267147424025752
0.03260485297090548
0.03253931414209949
0.03247487086921403
0.032390669307422036
0.032308464172630405
0.032228279787506336
0.03215026094579307
0.032074239510517424
0.031999657430580725
0.03192648886529265
0.031854709198749755
0.03178429608564434
0.031715224212492274
0.031647469554704405
0.03158100800784852
0.03151581493921679
0.0314836495752013
0.0314517207356452
0.03138855840227279
0.031326304395253135
0.0312649349188582
0.031204428080897538
0.031144762301248234
0.031085917582474133
0.031027874500551077
0.030970614131932344
0.030914120277685975
0.030858422176217266
0.030803508574960715
0.03074936002475272
0.030669530860793517
0.03059131954013535
0.03055280232881623
0.030514668649934566
0.030476912043591667
0.030439526210575385
0.0303902445905107
0.030341597190275342
0.03029357038696094
0.030246156408661302
0.030199438669412992
0.030153402344626448
0.03010803253691482
0.030063314707284836
0.029975779653458715
0.02989068061214484
0.02980791099136405
0.029727330907141098
0.02966824037077005
0.029572190682666213
0.029497422628074664
0.029433427126471165
0.029379573957537045
0.029317862226911084
0.029248744584224676
0.029181062251842985
0.029114749243601495
0.029049747486815818
0.028986000631535204
0.028931209100153437
0.028884951486162307
0.028831781263780137
0.028772030351651393
0.028713322915891543
0.02865562338246122
0.02859889542462364
0.028488219157785665
0.028380931008052033
0.02827672070501443
0.028175424757228697
0.0281012740264743
0.02805267499723831
0.028004725023370994
0.02795740863075292
0.027910711024954828
0.027864617884225236
0.027819115389082095
0.0277741902112216
0.027729829486786175
0.02768602078805723
0.027642752140017695
0.02762131665070629
0.02760001184539676
0.027568296665554326
0.02753686773852203
0.027497977325557647
0.027459518480464445
0.02741644296294132
0.027373899140443074
0.027334333246380443
0.027295218892810058
0.02726135709921171
0.027227828256785533
0.027199349862574856
0.027161746615457925
0.027124556376446868
0.027087771244813638
0.027051383539623473
0.027015385785794203
0.026962104659227822
0.0269357793967021
0.02690966056991155
0.02687515176292814
0.026840998400089196
0.026807194116453045
0.026782066219620853
0.026757128632602593
0.02672622048724051
0.026695600995657414
0.02666124197854885
0.026627241076342692
0.02659359181824751
0.02656028789689392
0.02653698378091123
0.026513846547424197
0.02648706126545714
0.026456720038603564
0.026426662808432335
0.02639688493913508
0.026367381900591683
0.026338149266313827
0.026309182710484227
0.02628047800510297
0.026252031017137235
0.026223837705776593
0.026195894119832263
0.026168196395077857
0.026147582149216385
0.026127102506455526
0.026100003066176995
0.02607313660511091
0.02604981678436043
0.026026670333964254
0.025997161751793774
0.025967931301763506
0.025926191368996356
0.02590394756353753
0.02587872126541992
0.025853700281988048
0.025828881669621263
0.025804262544908235
0.025779840083044278
0.02575561151629944
0.025731574132554596
0.025707725273833807
0.02566058303323316
0.025619927639566227
0.02557981305387734
0.025537418936641867
0.025517838153172174
0.02549284968113223
0.025468068481754213
0.025432633271816395
0.02539226437454274
0.025349801459309786
0.025328796304189004
0.025307939551090623
0.025266664039644095
0.025233549209474265
0.025215871761339537
0.02518581381494658
0.025160999553046313
0.025126610671532008
0.025107140743082883
0.025087800435680218
0.02506858821281381
0.02503527059777344
0.02500233271013476
0.024965144577909142
0.024946729165403806
0.024923874767776653
0.024883190792671796
0.024847506886642983
0.024829830855902377
0.024803520899442842
0.024777452205334245
0.02474306249906723
0.024711197172773258
0.024675512537014336
0.02466094909188573
0.024632046481402776
0.024601405908889176
0.02456908765783791
0.02453713857122347
0.024505551093790875
0.024458832167516948
0.024405302655380177
0.02436023031426741
0.024319551268161838
0.024279465219782543
0.024222185521192135
0.024166082022279014
0.024072280874030183
0.02399787997027626
0.023920721957126335
0.02377879088614773
0.023701792006717695
0.023598755194673575
0.02344876631610487
0.023362738069847174
0.023294411825286267
0.02321570521173766
0.023101988014080376
0.023044697159233494
0.02294743665127774
0.022840135728100498
0.022749775995664287
0.022648943097481198
0.022504006092295126
0.022431900780856325
0.02235492673909657
0.02219164135206874
0.0220628448540433
0.02199790253326513
0.021911506695655003
0.02176526958293827
0.02168004331621734
0.021608792658829243
0.021518968685024304
0.021353303154172793
0.021259058242776015
0.0212024955421214
0.02110968080819498
0.020990546590360114
0.020914879361799487
0.020866645391440883
0.020793766951651117
0.02069404230911692
0.02059319686349095
0.020523852158291188
0.020439049813560175
0.020391923712961182
0.02029694648827573
0.020235348478789023
0.02012018734190419
0.019993952273886485
0.019936062127189375
0.019850932227175384
0.019748042241709736
0.019686108077555893
0.019581831754549105
0.019529661136476344
0.019405580854874076
0.019317231456303503
0.019233693310003918
0.019119253164105163
0.019067483159827203
0.01895392644458676
0.018899687420627424
0.018810432591262187
0.01874926308044144
0.018652728338950708
0.018589874657152717
0.01850172686009006
0.018425178968599295
0.018334227539630075
0.018241948410396985
0.018149225400929957
0.018064114645027943
0.017967331443104556
0.01784136255861868
0.017772155329480933
0.017716735179909137
0.017595424703763428
0.017507103952785312
0.017431117186446087
0.0173699969794334
0.017301918127815744
0.017198807940296584
0.017042052455533793
0.01693977165790135
0.016819853764040365
0.016770747758383067
0.01667573524432054
0.016602125163570427
0.016510193751432176
0.016453610267097296
0.01636567542333075
0.01622359529689537
0.016131753563949247
0.016059939728057065
0.015948063575083736
0.015877961756779285
0.015807943687162655
0.01566815763300053
0.01554036415838345
0.01546363855448251
0.015404193100621674
0.015284725404363753
0.015206057010130522
0.015090488383013207
0.014979124028216138
0.014862287481257806
0.014769888288107888
0.014653311649571593
0.01450520446736637
0.014403097235598123
0.014271661940343199
0.014178679504133505
0.014092806149790445
0.01398078723231104
0.013896741440860116
0.013749530989134768
0.013567866457175417
0.013414472868291566
0.013262091577921138
0.01317624177703335
0.013088265630596596
0.012929603531527667
0.012856658085503129
0.012726379348604492
0.012525722318141839
0.012431342067890837
0.01231332155323208
0.01219883473923247
0.01205778176924714
0.01192276664864643
0.01173230455606469
0.011652994196580101
0.01148187281233481
0.011292164243084456
0.011148233842146103
0.011068154699610153
0.010876415831624735
0.010743001965404616
0.010534647993433755
0.01041444410004304
0.01028632106144193
0.010174042798311531
0.009976878371128985
0.009784631690544528
0.009635688170935264
0.009534777801125629
0.009320166292778341
0.009097875661531904
0.008861674513006448
0.008720875878499202
0.008543796060621134
0.008357669429837442
0.0081932867259048
0.008004567219859154
0.007871244647877843
0.007636199313323553
0.007509168033299647
0.007234927983733972
0.006965454075696308
0.006773459676918757
0.006441732048494051
0.006298186854391879
0.0060849200405031605
0.005728590537232799
0.0055754853872432555
0.005392503894110207
0.00512715843854974
0.004749153758262925
0.004409925512902747
0.004089310605683672
0.0035296011237044072
0.0029211284556307044
0.0022555760157606545
0.0017848816912389828
0.0014606130144408235
0.0011653963437479552
0.0009365843625371557
0.0007620972478030104
0.0006330177154324413
0.0005421229736245498
0.00048232723334200984
0.0004023229431384904
0.00031928103974889713
0.0002533920967762103
0.00020110673300382102
0.0001596131758541482
0.00012668240402587025
0.00010054658429294384
7.980325909595985e-05
