6.294723612587305e-09
6.29472482407449e-09
6.294726453834069e-09
6.294729299534326e-09
6.294733361174517e-09
6.2947388720423224e-09
6.294745832135859e-09
6.2947557284855685e-09
6.2947685610847795e-09
6.294787330086196e-09
6.29481203546398e-09
6.2948492088624745e-09
6.294898850173976e-09
6.294968694935426e-09
6.295058742818921e-09
6.295174979071051e-09
6.295317402984428e-09
6.295517909630497e-09
6.295776496302832e-09
6.296169063910415e-09
6.296695600228203e-09
6.2973985801851835e-09
6.298277974939591e-09
6.299336780770463e-09
6.300574953473003e-09
6.302107620897941e-09
6.303934677930549e-09
6.306265477971327e-09
6.309099747269462e-09
6.312690588553744e-09
6.317037367161049e-09
6.322678710631848e-09
6.32961290806624e-09
6.339513792554645e-09
6.352374454414276e-09
6.368431066660452e-09
6.387671431238959e-09
6.41186687997572e-09
6.440988562420194e-09
6.480434566078847e-09
6.53010534398335e-09
6.595574191090095e-09
6.676580561223408e-09
6.782721205202518e-09
6.91329448585206e-09
7.125881056163127e-09
7.4164240894497435e-09
7.731367457719238e-09
8.115354155155224e-09
8.44205997146014e-09
8.705458858630947e-09
9.015273331658615e-09
9.43303948462573e-09
9.782757106940698e-09
1.0043164029164964e-08
1.0376714500164992e-08
1.0842540100925516e-08
1.1387190510043725e-08
1.1924646282639746e-08
1.2337764063635774e-08
1.2567670895142262e-08
1.2876092221892164e-08
1.330753962994711e-08
1.3628158455523315e-08
1.3848501775070238e-08
1.4059712804548852e-08
1.4230598711196702e-08
1.4404709729128453e-08
1.449002953950717e-08
1.4507778073450079e-08
1.4510097861026544e-08
1.4496817624038425e-08
1.4423856266561286e-08
1.4269238950496659e-08
1.4084788172123873e-08
1.3957844459428743e-08
1.377483259381652e-08
1.3579852563364373e-08
1.3437348104687045e-08
1.3345515376453528e-08
1.3259281132727924e-08
1.3283428370496107e-08
1.3400414124229214e-08
1.355702919349071e-08
1.3728736966238086e-08
1.4068721449048458e-08
1.4417429160035899e-08
1.462305344298705e-08
1.494601509662156e-08
1.5409641982359654e-08
1.5813155789680367e-08
1.6143718471263534e-08
1.64764068778798e-08
1.6981849338493286e-08
1.7516555235269077e-08
1.805248260978276e-08
1.868265726832346e-08
1.921111534025104e-08
1.9739319745785436e-08
2.0266477954276124e-08
2.1080414546328324e-08
2.2194484238035094e-08
2.3339141637231472e-08
2.4351968222556492e-08
2.5186869615795038e-08
2.6047922846265586e-08
2.6934563860899365e-08
2.7815537060250023e-08
2.8690119163089814e-08
3.0040498384239625e-08
3.188074117236706e-08
3.352477145004459e-08
3.4967711912537846e-08
3.709530685090088e-08
3.927709832129276e-08
4.077332812481243e-08
4.226150245629326e-08
4.3743612728991786e-08
4.527023153107189e-08
4.6840133979265895e-08
4.8400831425903916e-08
4.995137421236368e-08
5.1915889443277674e-08
5.429682975577211e-08
5.6661212292547824e-08
5.901484679911796e-08
6.143600267410217e-08
6.392144404989027e-08
6.638797433926328e-08
6.883524708795385e-08
7.134509170135709e-08
7.453353565227524e-08
8.017993323057154e-08
8.595928708752032e-08
8.991571605748802e-08
9.383485213883655e-08
9.77237880046592e-08
1.017196306204083e-07
1.0582133077853524e-07
1.1189054325325003e-07
1.18083602366802e-07
1.2310716289912574e-07
1.2886828793133016e-07
1.345828311652854e-07
1.434007441563091e-07
1.5237532676350012e-07
1.5827070383858693e-07
1.6431753624497113e-07
1.705140961671358e-07
1.7666368575812233e-07
1.8360776137051436e-07
1.915903829247542e-07
1.997526822763024e-07
2.078408025741589e-07
2.1585217182576488e-07
2.240515341639602e-07
2.324443291186063e-07
2.4076444218905904e-07
2.490058528286465e-07
2.617198675992231e-07
2.749830314694935e-07
2.880067711219253e-07
3.014673156802773e-07
3.1264130016612426e-07
3.2249810002848146e-07
3.3202364090453754e-07
3.4307926109782695e-07
3.584189096786415e-07
3.7551446555563673e-07
3.8658749528876226e-07
4.00692330238369e-07
4.204074433942813e-07
4.41520988749142e-07
4.6176275390089784e-07
4.809432968871113e-07
4.972386786675801e-07
5.092460868746135e-07
5.290842654264602e-07
5.506985514057671e-07
5.668418309501389e-07
5.844630818558978e-07
6.036665252535676e-07
6.241363592978563e-07
6.459536844798485e-07
6.824517572579161e-07
7.22442095635945e-07
7.446686313077647e-07
7.604484187623317e-07
7.859123105477986e-07
8.222097834725392e-07
8.610741582822381e-07
9.02694153621429e-07
9.485858468117464e-07
9.860696962386214e-07
1.0126222825140844e-06
1.053729377628739e-06
1.1102863625950475e-06
1.169120171694035e-06
1.2284962791261587e-06
1.286665750061069e-06
1.3296095686906568e-06
1.357815761674734e-06
1.401150776171305e-06
1.4591065370106978e-06
1.5435499342078092e-06
1.627853279972305e-06
1.6846772372504095e-06
1.7677407849394855e-06
1.8791340664083404e-06
1.9634091975806474e-06
2.0184066847627186e-06
2.1024174832362718e-06
2.2151360270019673e-06
2.328918823960098e-06
2.444125011047522e-06
2.561059567599025e-06
2.6509631795719015e-06
2.7101860942449336e-06
2.801401200732873e-06
2.925572540942132e-06
3.0528175628965537e-06
3.1836582347579365e-06
3.318351212427858e-06
3.457308483646161e-06
3.6719117067329e-06
3.9027617525077305e-06
4.0617391735734685e-06
4.30791116828097e-06
4.57162108220291e-06
4.753028336164179e-06
4.938916928063096e-06
5.22950781958887e-06
5.5364790417159274e-06
5.747226167570153e-06
5.9638702681550815e-06
6.186449166418898e-06
6.5293956262429084e-06
6.888414692688032e-06
7.1366187249698e-06
7.389246612293606e-06
7.647908069354663e-06
7.912687644833004e-06
8.319282301604144e-06
8.743256429801788e-06
9.032336550839319e-06
9.32758271209634e-06
9.629010393566757e-06
9.936630843474443e-06
1.0250522091603953e-05
1.0731000515214154e-05
1.1230480817406481e-05
1.1570443023760426e-05
1.2090757941293744e-05
1.2632500669405783e-05
1.3001454473210042e-05
1.3378291127818579e-05
1.376330739888805e-05
1.4156705122252021e-05
1.4558950646813551e-05
1.5175657856312974e-05
1.5821842004648025e-05
1.6262827500153447e-05
1.6939765060228773e-05
1.764875662884858e-05
1.8134815828390937e-05
1.8633234748577543e-05
1.9144659408787273e-05
1.966938012396265e-05
2.0207799183471352e-05
2.0760741077156788e-05
2.1328731831011857e-05
2.1912112824612286e-05
2.251153565323283e-05
2.312756849688521e-05
2.3760701644630017e-05
2.4411626799111905e-05
2.5080969248843085e-05
2.5769451105797638e-05
2.6478027277112338e-05
2.7207441551555412e-05
2.795828345014842e-05
2.8731357265345393e-05
2.9527579795993135e-05
3.0347835653032255e-05
3.119307479911236e-05
3.2064506668840736e-05
3.273808484559559e-05
3.342272948246009e-05
3.4128072393264935e-05
3.484520698064015e-05
3.5585066289691495e-05
3.6337480228191754e-05
3.711419791211487e-05
3.764066050219904e-05
3.844339278367853e-05
3.92724716629289e-05
4.011557798653707e-05
4.127826948810576e-05
4.218077460819977e-05
4.279289465628769e-05
4.34157060567899e-05
4.404946018136411e-05
4.46944094858968e-05
4.535082715147741e-05
4.601903444260567e-05
4.669940163112966e-05
4.739232265985961e-05
4.809813755199832e-05
4.881711400732224e-05
4.954950612810165e-05
5.029564379352055e-05
5.1055969019693986e-05
5.1830993778981825e-05
5.2621208075774116e-05
5.3427067832753976e-05
5.4249019959574834e-05
5.508755104367677e-05
5.594320575112911e-05
5.6816543259288134e-05
5.770813742739599e-05
5.8618606736560035e-05
5.954859804498155e-05
6.049876616588726e-05
6.146976711280025e-05
6.246226314180834e-05
6.347703795327541e-05
6.451502478535491e-05
6.557718035330823e-05
6.666441830416168e-05
6.777762213888289e-05
6.891782972224342e-05
7.008629893180285e-05
7.128438348719476e-05
7.251334468983223e-05
7.377429890883169e-05
7.506854057237496e-05
7.639772645733409e-05
7.776374299850783e-05
7.916840664239032e-05
8.061347713289034e-05
8.210090181137882e-05
8.363291616346229e-05
8.521195062643577e-05
8.68406327670922e-05
8.852192145825749e-05
9.025923092013672e-05
9.205631571964471e-05
9.391712503737777e-05
9.58459548083432e-05
9.784743917073863e-05
9.992643564280767e-05
0.00010208817091940043
0.00010433849424781851
0.00010668419747086587
0.00010913297951780676
0.0001116934634024843
0.00011437609843440373
0.00011719402802630354
0.00012016237965766713
0.00012329593485029181
0.00012661034300923176
0.00013012565570228607
0.00013386551360173286
0.00013785709113698293
0.00014213559172939744
0.0001467455743221627
0.0001517384698150237
0.00015717292310523165
0.0001631235273034491
0.0001696935797286296
0.0001770164103162859
0.00018526297580711456
0.00019466205185886078
0.00020289483011811166
0.0002116558541769716
0.0002223105231328035
0.00023006450315864638
0.00023868144346322616
0.0002471613709532164
0.000255107182007204
0.00026388197731832066
0.00027364740075520687
0.0002863803118224
0.0003037013192138712
0.00031961543164700767
0.00033127431798640083
0.00034433924472931677
0.0003591157695154139
0.0003760197294742712
0.00039558939091041055
0.0004185642176101668
0.00043939276337785825
0.0004545419537805957
0.00047943621923042366
0.0005115453852826803
0.0005355151653418126
0.0005563157904724793
0.0005711107865562891
0.0005948468090580046
0.0006324935141102329
0.0006667131701644079
0.0006915889387790336
0.000725836893724046
0.0007629081456396169
0.0007896525836675519
0.0008332276514522323
0.0008881953139333763
0.0009286266719589842
0.0009741867385165242
0.0010259622601039083
0.0010709218481993387
0.001102848658951785
0.0011372774557205233
0.0011745073051268808
0.0012344377953544777
0.001307622672549347
0.001360544619792411
0.001418967162049276
0.0014837996317399148
0.0015561627392253834
0.0016374726485507134
0.0017441788199762927
0.0018556065401708168
0.0019362217287434188
0.002025323984288148
0.002100132839737715
0.0021523951891102107
0.0022346454164791744
0.0023590255504698713
0.0024999324269359556
0.002621890439178302
0.002708119838457627
0.00284558079807626
0.0030614729505415586
0.0032548115908584475
0.003393473181318534
0.0035488521117130437
0.0036815912494363163
0.003775115835663613
0.003923456257362266
0.004149737431619148
0.004344485377069314
0.004482249569150563
0.00462962991038009
0.004787437646565064
0.004956573620526404
0.005138085346001062
0.0053331227960792624
0.005542910694030142
0.005768832001031583
0.006012458270337676
0.006275521392659431
0.006559928970241842
0.0070179505334228495
0.007566661416393623
0.007960938062708867
0.008390319927298317
0.00885862698917346
0.009370175215977392
0.009929802459125425
0.010543022200794599
0.011215922953099115
0.01195529320952279
0.012768919329441188
0.013665599191301283
0.014655166466636855
0.01574889249649663
0.016959298290219672
0.017971468298105267
0.01867794732029536
0.019422345801470835
0.020206826204871936
0.021033910363350474
0.02190630981148792
0.022826792947689224
0.02379831376031448
0.02482392667991883
0.025906973825789274
0.0270511742444423
0.02826022844499237
0.02953805965474023
0.0308891975183837
0.03301760421959525
0.03543368653580394
0.037125580838750144
0.038916332816467454
0.040812089351219674
0.04380061816391513
0.04830582469330953
0.052128977349645424
0.05480883342332975
0.05764923197166716
0.06065979998077584
0.06385145232655604
0.06723545203046694
0.07082357262241055
0.07462873342793315
0.07866397647975112
0.0829437095440431
0.08748274333253657
0.09229747259873249
0.09740518716236195
0.10282233417079462
0.10856816140875233
0.11466148058536825
0.12112375472133621
0.12797736623783387
0.13524661655426634
0.14295533731576818
0.15112979624354878
0.15979876377412108
0.16899041768102055
0.17873728636929292
0.18907053736433851
0.20002635853261244
0.2087775619987569
0.21475534866546944
0.22394353103875153
0.24333402537295198
0.26551674400180064
0.27721015031495233
0.2851949165860843
0.29746338387684795
0.3148664314033201
0.3332863086615438
0.35278098744858827
0.37340560914011756
0.3952220100264154
0.41829781468550054
0.44269663445117324
0.462139946093789
0.4754031113110023
0.48903933636940927
0.5030592755526686
0.5174748932394043
0.532297766082786
0.543755939906659
0.551482021692044
0.5593155058905463
0.5672578165629187
0.5793071792440377
0.5958648869697168
0.612888727266948
0.6303915441926514
0.6483847374325004
0.6668801116586914
0.6858920721954275
0.7054359885321768
0.7255269757917325
0.7461795780506695
0.7621408655307594
0.772902035180536
0.7838122126323636
0.7948735595951483
0.806088305931571
0.8174587175973814
0.8289870663849758
0.8406755997096802
0.852526453395375
0.8645416678671641
0.8767232529612892
0.8890732676366492
0.9015939428721168
0.9142876694020368
0.9271569979093914
0.9402045972577036
0.9534331340824573
0.9668452260178759
0.9804434233406093
0.994230220534452
1.008208093982333
1.0223795834192295
1.0367473864556846
1.0513143194343082
1.066083251843951
1.08105707443709
1.0962386821913561
1.111630983769494
1.1330308628596446
1.1609705410724553
1.1895918509716705
1.218911751656905
1.2414881516313365
1.2566884229059936
1.2720734861389797
1.2876456717958678
1.303407318849583
1.3193607742143616
1.3355083595838575
1.3477797827490128
1.3560012474094978
1.368394535675354
1.3851381617208374
1.4020852068796779
1.4192381472760713
1.4365995177594926
1.4541719060595013
1.4719580831623271
1.4854750292473944
1.494531157257169
1.5081830585668123
1.5266281198775342
1.545298622504444
1.564197506404239
1.5833278588772355
1.6026928667941327
1.6222955136704682
1.6421386908302398
1.6622252558628354
1.6825580336063395
1.703139818459294
1.7239734084037899
1.7450616547868048
1.7664076056752673
1.7880145528021139
1.8044358626158419
1.8154382284661308
1.8320245663817984
1.854435097377056
1.8771204021635157
1.9000838596538552
1.9233287944569661
1.946858555433353
1.9706765030524158
1.9947859903733411
2.0191903849580086
2.043893102948479
2.0688976550143
2.094207723223459
2.1198272388063724
2.145760421626321
2.172011516847886
2.191962749221699
2.2053305352133004
2.2254832159732993
2.252712114377658
2.2802741602776053
2.3081724704477975
2.3364102831951192
2.364991300467018
2.393919666919923
2.4232000971106893
2.452837880359058
2.4828387957789846
2.5132090192373018
2.5439546403365187
2.575080433515298
2.6065903760809173
2.6543354732393407
2.7196995065695306
2.786657566803581
2.855251752039672
2.9255358700730025
2.99755643757205
3.07134727147352
3.1469407239263014
3.224382817069786
3.303728862712584
3.385029065839341
3.4683206733131606
3.5430550085230537
3.6082093717940036
3.685528139493742
3.7761505458479045
3.868995185035315
3.9641134029843337
4.0615531335376005
4.161365377750282
4.263606359274066
4.3942490374387155
4.58386514373631
4.811673653290473
5.050614331741755
5.239334664391573
5.367655169149556
5.499065463411869
5.6336283429443625
5.754307608225059
5.859481713455023
5.984247074685771
6.130395415613946
6.280047219316614
6.433289074118085
6.590192603485577
6.7508256137617755
6.915261267576112
7.083584299344043
7.341035149712487
7.70239227377284
8.081328375228123
8.380397941022931
8.684246891904476
9.110855469330263
9.44781370586494
9.73389711437696
10.149419058855402
10.649448921597651
11.045280232361439
11.315279051005907
11.592574041048064
11.842069893088887
12.060316874347135
12.320272882912754
12.62644688662308
12.942138499975115
13.268170031783637
13.605355477433246
13.954763538583725
14.317495483122311
14.694932411115568
14.99008588860434
15.191359340051328
15.397366858347251
15.608363512661887
15.82461994581845
16.046480259342893
16.274243573090637
16.50838601209829
16.870481758151172
17.381565619010857
17.925596633379183
18.50707096886924
18.975794609463875
19.302138892484667
19.64337351008951
20.00700087185784
20.386087134942034
20.781661118763047
21.1425231694238
21.462882561476622
21.79428452646374
22.13730043256854
22.55231476601817
23.04865667707288
23.569176929078584
24.115805810937495
24.6900621505543
25.294161954000188
25.929838993804648
26.599292014541444
27.215037813180917
27.765626433486606
28.338839218493565
28.935965303574744
29.663488185467255
30.54039012504081
31.467813008384873
32.50040108960813
33.514515910550834
34.32208991130312
35.14705254118679
35.99015549114107
36.85277535237766
37.73361329019401
38.63350419538969
39.55256324209402
40.490591920246004
41.16029399544221
41.54970426462288
42.13433709088119
42.920253892986686
43.71102894546616
44.50737081084258
45.30890838076806
46.116249021733346
46.92929280551659
47.74789389113116
48.57382453706128
49.446917779500154
50.3334163939665
51.22561109697302
52.347528570118484
53.70640092291329
54.73531648758195
55.424696133006734
56.117609986281735
56.81406062033089
57.630615359145786
58.570381851443365
59.5165505310042
60.476032174101746
61.56862694949456
62.672139577344126
63.785906328191906
64.90982231720915
66.6116371662206
68.91417529757463
71.25269072519762
73.59095801673578
75.6198382891321
77.94314716081956
80.56680021425565
82.75108787379841
84.62601293881487
86.49730701761608
88.65667486304967
90.9612190697201
93.26679702144223
95.57833470247293
97.89275920243486
100.06447176410566
101.94833350527584
103.83330088302289
106.01163825480982
108.34104299664006
110.68136070743651
113.02743037447547
116.54655712887013
121.1504222283768
125.66154363577947
130.21986397067448
134.25146362496676
137.15523050245758
139.4910364391707
141.84055598018202
144.2041831603624
146.58178419586392
148.97338508985536
151.37905437033623
153.79885010455098
156.2328077156871
158.68109642571164
160.52827979604777
161.76307569956387
163.31097969292762
165.17630272163782
167.28378135684554
169.63746746565326
172.16098746468504
174.8577972493925
177.49015077130773
180.05665271621731
182.4754785342268
184.74363833209588
186.85932432419386
189.14673539916868
191.77461250946783
194.41608542160077
197.0711307442068
199.7396927631229
203.09209736479258
206.1321676819882
208.16628328485444
210.54811796391044
213.28356679841588
216.03230544681054
218.44909493688175
220.52803914741366
222.87521550534257
225.4948117992642
228.30140300793067
231.2982823310343
234.30995346246752
237.33634777001902
239.93017688823363
242.0840181422903
244.42513332207542
247.13689563414556
250.04214935965345
252.9600197617522
255.8904488379813
258.833388038014
261.78878997058905
264.7566085005585
267.7367978528384
270.72931266663136
273.7341084265944
276.7511399967661
279.4017281439119
281.6804495247088
284.3468413657629
287.40626914552513
290.28558401487385
292.9820054293363
296.0739094632495
299.5671862143178
303.85463271683653
307.7760886854841
310.72648067522806
313.88507017315203
317.0551052668356
320.23654976327066
323.4293676968317
326.6335235431727
329.8489825025499
333.075709801708
337.93238282245113
344.04542578187557
349.7847006241095
355.7636750014777
360.32775506492254
363.6562960893517
367.41455958840805
372.024403710067
377.92180744061835
384.48949861202294
389.605955068045
393.0271521733991
398.1742264641082
404.431552772968
408.767892047462
412.89770073571884
417.70081703842544
422.95933945139456
427.804237894169
431.337672468274
434.8810953032953
439.76677319030557
446.0154743668183
452.74262597219735
458.1539810826097
462.2230855542671
468.57359808858376
476.3312931489396
481.8360505226344
486.4347185611114
491.9744336773938
498.46175637820306
505.6803946222731
513.1662528740127
518.810315402608
523.7586278380828
530.6210107726458
537.9892916660857
545.6310179860249
553.308209905748
562.9481245347298
575.5656166427638
588.282254886571
599.6050394926782
610.4991620557115
623.9455755610898
640.0153456200682
662.0328864613032
687.6912560574463
711.8069858314243
748.5001221252008
787.040663172239
820.5740212044952
870.5011592131428
919.830651219584
953.8502183232222
987.6070123910991
1033.8584094695477
1076.7482027613166
1117.414881250859
1173.7544959947359
1231.0632351346057
1289.4980964255112
1369.2362846151832
1443.5972050912324
1497.4352416796974
1589.2382197183153
1708.1840335136442
1792.1621869644755
1861.161826460844
1973.0329820270288
2090.551091255299
2174.3622089701685
2264.4694482978784
2415.9136896014015
2579.230506127883
2679.3032931124667
2782.7552836518353
2936.406248930046
3084.51209062333
3182.6515578893077
3281.868277722747
3428.580770917394
3606.897996928695
3764.977501279802
3914.322865029721
4046.2703693757453
4193.849994432833
4361.647632447406
4559.641020248574
4843.055469052537
5069.238507265192
5252.535147920614
5502.648418518424
5730.126698961832
5969.10240910834
6201.131384609492
6473.7817091374445
6814.757042269066
7102.548868776346
7447.682194293598
7747.348180179751
8057.309825864535
8381.040504090524
8667.69214195677
8976.258191266637
9310.429888310971
9657.747343944011
9997.377010156619
10378.471262058249
10778.550938713784
11230.309329862232
11701.866759068882
12169.948031698485
12664.394145088008
13291.842030355305
13860.315553618468
14233.645522156601
14777.568282027145
15442.097668654638
15979.285255004546
16438.51730977693
16880.723969814917
17480.991809801213
18423.55223823392
19399.570005069483
20268.653451993305
20948.534669981575
21542.561957741364
22253.087748767255
22967.919955189267
23623.473930562744
24275.085463064548
25339.83295367971
26457.31879436786
27260.793945223446
28184.187678774506
29121.431574165057
29858.69594044419
30988.15783050825
32473.85871749104
33644.34096597032
34440.56111867647
35507.14472438495
36716.786980418794
37930.91507762399
39386.39577033448
40890.249321523304
42305.58320427424
43753.34370247649
45637.43281702478
47473.08347140172
49231.69787784155
50966.54248324906
52379.2875661483
53973.55522324538
55588.07883788931
57532.42715651155
60380.150334825164
63384.9172096973
66214.64219196461
68482.44216567377
70167.74685700986
72602.9499704543
74951.1025143247
77045.39217101695
80537.65213740373
83755.72150982996
86115.48437315067
88750.61742777615
91704.11834333377
94969.33419621413
98905.21522666259
102265.3656077727
105424.44925049676
110094.58013262301
114535.79083439727
117580.42097058136
121311.19696062806
125898.53474002825
130797.62604449308
135645.14108120068
139357.88803723248
143009.06116213498
147759.13994969474
153881.24151786335
159361.89265036545
163437.59749624052
168606.87328246052
175933.2133600436
183767.25275806777
190363.33415145605
195948.51099711168
202415.34665590597
208739.37858649786
215151.90104943785
221085.86982817875
227842.21661216527
234642.41196846694
242064.66081683393
252305.80397708257
261088.2071946548
270859.8010664643
280006.94829284167
286673.439526499
297158.03561420756
306814.7170289119
312948.59113317094
320977.03685432824
332211.76375009766
344608.68769260816
355543.29445553897
368752.6887586433
385321.8796685928
400970.5173233238
413418.60916295915
420437.35038009076
424712.08368479164
427735.7549871046
429617.22548455384
430773.45072129805
431469.4798247701
431875.8526272892
432180.3417663724
432489.24275843
432728.1056874899
432878.5946273185
432973.40254668397
433033.1300887155
433070.75697313057
433094.460754345
433114.3707511084
