1.9935044e-05
3.9870089e-05
4.0069439e-05
4.0187141e-05
4.0305092e-05
4.0423533e-05
4.0542465e-05
4.0661891e-05
4.078181e-05
4.0902225e-05
4.1023137e-05
4.1144546e-05
4.1266455e-05
4.1388864e-05
4.1511774e-05
4.1635187e-05
4.1759104e-05
4.1883527e-05
4.2008455e-05
4.2133892e-05
4.2259837e-05
4.2386293e-05
4.2513261e-05
4.2640741e-05
4.2768735e-05
4.2897245e-05
4.3026271e-05
4.3155815e-05
4.3285879e-05
4.3416463e-05
4.3547569e-05
4.3679198e-05
4.3811352e-05
4.3944031e-05
4.4077238e-05
4.4210974e-05
4.4345239e-05
4.4480035e-05
4.4615364e-05
4.4751227e-05
4.4887625e-05
4.502456e-05
4.5162033e-05
4.5300045e-05
4.5438599e-05
4.5577694e-05
4.5717333e-05
4.5857517e-05
4.5998248e-05
4.6139526e-05
4.6281353e-05
4.6423732e-05
4.6566662e-05
4.6710146e-05
4.6854185e-05
4.6998781e-05
4.7143934e-05
4.7289647e-05
4.7435921e-05
4.7582757e-05
4.7730157e-05
4.7878123e-05
4.8026655e-05
4.8175756e-05
4.8325426e-05
4.8475668e-05
4.8626482e-05
4.8777871e-05
4.8929836e-05
4.9082379e-05
4.9235501e-05
4.9389203e-05
4.9543487e-05
4.9698355e-05
4.9853809e-05
5.0009849e-05
5.0166478e-05
5.0323697e-05
5.0481507e-05
5.0639911e-05
5.079891e-05
5.0958505e-05
5.1118698e-05
5.1279492e-05
5.1440886e-05
5.1602884e-05
5.1765487e-05
5.1928695e-05
5.2092512e-05
5.2256939e-05
5.2421977e-05
5.2587629e-05
5.2753895e-05
5.2920778e-05
5.3088279e-05
5.32564e-05
5.3425142e-05
5.3594508e-05
5.37645e-05
5.3935118e-05
5.4106365e-05
5.4278242e-05
5.4450752e-05
5.4623896e-05
5.4797675e-05
5.4972092e-05
5.5147148e-05
5.5322846e-05
5.5499187e-05
5.5676172e-05
5.5853805e-05
5.6032085e-05
5.6211017e-05
5.63906e-05
5.6570837e-05
5.6751731e-05
5.6933282e-05
5.7115493e-05
5.7298366e-05
5.7481902e-05
5.7666104e-05
5.7850973e-05
5.8036511e-05
5.822272e-05
5.8409603e-05
5.8597161e-05
5.8785396e-05
5.897431e-05
5.9163904e-05
5.9354182e-05
5.9545145e-05
5.9736795e-05
5.9929134e-05
6.0122164e-05
6.0315886e-05
6.0510304e-05
6.0705419e-05
6.0901233e-05
6.1097749e-05
6.1294967e-05
6.1492891e-05
6.1691522e-05
6.1890863e-05
6.2090916e-05
6.2291682e-05
6.2493164e-05
6.2695364e-05
6.2898284e-05
6.3101926e-05
6.3306292e-05
6.3511386e-05
6.3717207e-05
6.392376e-05
6.4131046e-05
6.4339067e-05
6.4547825e-05
6.4757323e-05
6.4967563e-05
6.5178547e-05
6.5390277e-05
6.5602756e-05
6.5815986e-05
6.6029969e-05
6.6244707e-05
6.6460203e-05
6.6676458e-05
6.6893476e-05
6.7111259e-05
6.7329808e-05
6.7549127e-05
6.7769217e-05
6.7990081e-05
6.8211721e-05
6.843414e-05
6.8657339e-05
6.8881322e-05
6.9106091e-05
6.9331648e-05
6.9557995e-05
6.9785135e-05
7.0013071e-05
7.0241805e-05
7.0471338e-05
7.0701675e-05
7.0932816e-05
7.1164765e-05
7.1397525e-05
7.1631097e-05
7.1865484e-05
7.2100689e-05
7.2336713e-05
7.2573561e-05
7.2811234e-05
7.3049734e-05
7.3289065e-05
7.3529229e-05
7.3770229e-05
7.4012066e-05
7.4254744e-05
7.4498266e-05
7.4742633e-05
7.4987849e-05
7.5233916e-05
7.5480837e-05
7.5728614e-05
7.5977251e-05
7.6226749e-05
7.6477112e-05
7.6728342e-05
7.6980442e-05
7.7233415e-05
7.7487263e-05
7.7741989e-05
7.7997597e-05
7.8254087e-05
7.8511465e-05
7.8769731e-05
7.902889e-05
7.9288943e-05
7.9549894e-05
7.9811745e-05
8.00745e-05
8.033816e-05
8.060273e-05
8.0868212e-05
8.1134608e-05
8.1401922e-05
8.1670156e-05
8.1939314e-05
8.2209398e-05
8.2480411e-05
8.2752357e-05
8.3025237e-05
8.3299056e-05
8.3573816e-05
8.384952e-05
8.4126171e-05
8.4403772e-05
8.4682326e-05
8.4961836e-05
8.5242306e-05
8.5523738e-05
8.5806135e-05
8.60895e-05
8.6373837e-05
8.6659148e-05
8.6945437e-05
8.7232707e-05
8.752096e-05
8.7810201e-05
8.8100432e-05
8.8391656e-05
8.8683876e-05
8.8977097e-05
8.927132e-05
8.9566549e-05
8.9862788e-05
9.0160039e-05
9.0458306e-05
9.0757593e-05
9.1057901e-05
9.1359235e-05
9.1661598e-05
9.1964994e-05
9.2269424e-05
9.2574894e-05
9.2881406e-05
9.3188963e-05
9.349757e-05
9.3807229e-05
9.4117943e-05
9.4429716e-05
9.4742552e-05
9.5056454e-05
9.5371425e-05
9.5687469e-05
9.600459e-05
9.632279e-05
9.6642073e-05
9.6962443e-05
9.7283903e-05
9.7606457e-05
9.7930109e-05
9.8254861e-05
9.8580718e-05
9.8907682e-05
9.9235759e-05
9.956495e-05
9.989526e-05
0.00010022669
0.00010055925
0.00010089294
0.00010122776
0.00010156372
0.00010190082
0.00010223906
0.00010257846
0.000102919
0.0001032607
0.00010360356
0.00010394758
0.00010429277
0.00010463913
0.00010498666
0.00010533538
0.00010568527
0.00010603635
0.00010638862
0.00010674209
0.00010709675
0.00010745261
0.00010780968
0.00010816796
0.00010852746
0.00010888816
0.0001092501
0.00010961325
0.00010997764
0.00011034326
0.00011071011
0.00011107821
0.00011144755
0.00011181815
0.00011218999
0.0001125631
0.00011293746
0.00011331309
0.00011368999
0.00011406817
0.00011444762
0.00011482836
0.00011521039
0.0001155937
0.00011597831
0.00011636422
0.00011675143
0.00011713995
0.00011752979
0.00011792094
0.00011831341
0.0001187072
0.00011910233
0.00011949879
0.00011989659
0.00012029573
0.00012069622
0.00012109806
0.00012150125
0.00012190581
0.00012231173
0.00012271902
0.00012312769
0.00012353773
0.00012394916
0.00012436197
0.00012477618
0.00012519178
0.00012560878
0.00012602719
0.00012644701
0.00012686825
0.0001272909
0.00012771498
0.00012814049
0.00012856743
0.00012899582
0.00012942564
0.00012985691
0.00013028964
0.00013072382
0.00013115947
0.00013159658
0.00013203517
0.00013247523
0.00013291678
0.00013335981
0.00013380433
0.00013425035
0.00013469787
0.0001351469
0.00013559744
0.00013604949
0.00013650307
0.00013695817
0.00013741481
0.00013787298
0.00013833269
0.00013879395
0.00013925677
0.00013972114
0.00014018707
0.00014065456
0.00014112364
0.00014159428
0.00014206652
0.00014254034
0.00014301575
0.00014349276
0.00014397138
0.0001444516
0.00014493344
0.0001454169
0.00014590199
0.0001463887
0.00014687706
0.00014736705
0.00014785869
0.00014835198
0.00014884693
0.00014934355
0.00014984183
0.00015034179
0.00015084342
0.00015134675
0.00015185176
0.00015235847
0.00015286688
0.00015337701
0.00015388884
0.00015440239
0.00015491767
0.00015543468
0.00015595343
0.00015647392
0.00015699615
0.00015752014
0.00015804589
0.00015857341
0.0001591027
0.00015963376
0.00016016661
0.00016070124
0.00016123767
0.0001617759
0.00016231594
0.0001628578
0.00016340147
0.00016394696
0.00016449429
0.00016504345
0.00016559446
0.00016614731
0.00016670203
0.0001672586
0.00016781704
0.00016837735
0.00016893955
0.00016950363
0.00017006961
0.00017063748
0.00017120726
0.00017177895
0.00017235256
0.00017292809
0.00017350555
0.00017408495
0.0001746663
0.00017524959
0.00017583484
0.00017642206
0.00017701124
0.0001776024
0.00017819555
0.00017879068
0.00017938781
0.00017998694
0.00018058808
0.00018119123
0.00018179641
0.00018240362
0.00018301286
0.00018362415
0.00018423749
0.00018485288
0.00018547034
0.00018608987
0.00018671147
0.00018733516
0.00018796094
0.00018858881
0.0001892188
0.00018985089
0.0001904851
0.00019112144
0.00019175991
0.00019240053
0.00019304329
0.0001936882
0.00019433527
0.00019498452
0.00019563594
0.00019628954
0.00019694534
0.00019760333
0.00019826353
0.00019892594
0.00019959057
0.00020025742
0.00020092652
0.00020159785
0.00020227143
0.00020294727
0.00020362538
0.00020430576
0.00020498841
0.00020567336
0.0002063606
0.00020705014
0.00020774199
0.00020843616
0.00020913266
0.00020983149
0.00021053266
0.00021123618
0.00021194206
0.0002126503
0.00021336092
0.00021407391
0.00021478929
0.00021550707
0.00021622726
0.00021694986
0.00021767487
0.00021840232
0.0002191322
0.00021986453
0.00022059931
0.00022133655
0.00022207626
0.00022281845
0.00022356312
0.00022431029
0.00022505996
0.00022581214
0.00022656684
0.00022732407
0.00022808383
0.00022884614
0.000229611
0.00023037843
0.00023114842
0.00023192099
0.00023269615
0.0002334739
0.00023425426
0.00023503723
0.00023582283
0.00023661105
0.00023740191
0.00023819543
0.00023899159
0.00023979043
0.00024059194
0.00024139613
0.00024220302
0.0002430126
0.0002438249
0.00024463992
0.00024545767
0.00024627815
0.00024710138
0.00024792737
0.00024875612
0.00024958765
0.00025042196
0.00025125907
0.00025209897
0.00025294169
0.00025378723
0.0002546356
0.00025548681
0.00025634087
0.00025719779
0.00025805758
0.00025892025
0.0002597858
0.00026065425
0.00026152561
0.00026239989
0.00026327709
0.00026415723
0.00026504031
0.00026592636
0.00026681536
0.00026770734
0.00026860231
0.00026950028
0.00027040125
0.00027130523
0.00027221224
0.00027312229
0.00027403538
0.00027495153
0.00027587074
0.00027679304
0.00027771842
0.00027864689
0.00027957847
0.00028051318
0.00028145101
0.00028239197
0.00028333609
0.00028428337
0.00028523382
0.00028618745
0.00028714427
0.00028810429
0.00028906753
0.00029003399
0.00029100368
0.00029197662
0.00029295281
0.00029393227
0.00029491501
0.00029590104
0.00029689037
0.00029788301
0.00029887897
0.00029987826
0.0003008809
0.0003018869
0.00030289626
0.00030390899
0.00030492512
0.00030594465
0.00030696758
0.00030799395
0.00030902374
0.00031005698
0.00031109368
0.00031213385
0.0003131775
0.00031422464
0.00031527529
0.00031632945
0.00031738714
0.00031844837
0.00031951314
0.00032058149
0.0003216534
0.0003227289
0.00032380801
0.00032489072
0.00032597705
0.00032706702
0.00032816064
0.00032925792
0.00033035886
0.0003314635
0.00033257182
0.00033368386
0.00033479962
0.00033591911
0.00033704234
0.00033816933
0.0003393001
0.00034043465
0.00034157299
0.00034271514
0.00034386112
0.00034501093
0.00034616458
0.0003473221
0.00034848348
0.00034964876
0.00035081793
0.00035199101
0.00035316802
0.00035434897
0.00035553386
0.00035672273
0.00035791557
0.0003591124
0.00036031323
0.00036151808
0.00036272696
0.00036393989
0.00036515688
0.00036637793
0.00036760307
0.00036883231
0.00037006567
0.00037130315
0.00037254477
0.00037379054
0.00037504048
0.0003762946
0.00037755292
0.00037881545
0.0003800822
0.00038135319
0.00038262843
0.00038390794
0.00038519172
0.00038647981
0.0003877722
0.00038906891
0.00039036997
0.00039167537
0.00039298515
0.0003942993
0.00039561785
0.00039694081
0.0003982682
0.00039960003
0.00040093631
0.00040227707
0.00040362231
0.00040497204
0.0004063263
0.00040768508
0.00040904841
0.0004104163
0.00041178877
0.00041316583
0.00041454749
0.00041593378
0.00041732471
0.00041872028
0.00042012053
0.00042152546
0.00042293509
0.00042434943
0.00042576851
0.00042719233
0.00042862092
0.00043005428
0.00043149244
0.00043293541
0.00043438321
0.00043583585
0.00043729335
0.00043875572
0.00044022299
0.00044169516
0.00044317226
0.00044465431
0.0004461413
0.00044763328
0.00044913024
0.00045063221
0.0004521392
0.00045365124
0.00045516833
0.0004566905
0.00045821776
0.00045975013
0.00046128762
0.00046283026
0.00046437806
0.00046593103
0.0004674892
0.00046905258
0.0004706212
0.00047219505
0.00047377418
0.00047535858
0.00047694829
0.00047854331
0.00048014366
0.00048174937
0.00048336046
0.00048497693
0.0004865988
0.00048822611
0.00048985885
0.00049149706
0.00049314075
0.00049478993
0.00049644463
0.00049810487
0.00049977066
0.00050144202
0.00050311897
0.00050480153
0.00050648972
0.00050818355
0.00050988306
0.00051158824
0.00051329913
0.00051501574
0.0005167381
0.00051846621
0.00052020011
0.0005219398
0.00052368532
0.00052543667
0.00052719388
0.00052895697
0.00053072595
0.00053250086
0.00053428169
0.00053606849
0.00053786126
0.00053966003
0.00054146482
0.00054327564
0.00054509252
0.00054691547
0.00054874452
0.0005505797
0.000552421
0.00055426847
0.00055612212
0.00055798197
0.00055984804
0.00056172035
0.00056359892
0.00056548377
0.00056737493
0.00056927242
0.00057117625
0.00057308645
0.00057500304
0.00057692604
0.00057885547
0.00058079136
0.00058273372
0.00058468257
0.00058663795
0.00058859986
0.00059056834
0.0005925434
0.00059452507
0.00059651336
0.00059850831
0.00060050993
0.00060251824
0.00060453327
0.00060655504
0.00060858357
0.00061061889
0.00061266102
0.00061470997
0.00061676578
0.00061882846
0.00062089805
0.00062297455
0.000625058
0.00062714842
0.00062924583
0.00063135026
0.00063346172
0.00063558025
0.00063770586
0.00063983859
0.00064197844
0.00064412546
0.00064627965
0.00064844105
0.00065060968
0.00065278556
0.00065496872
0.00065715918
0.00065935696
0.0006615621
0.00066377461
0.00066599453
0.00066822187
0.00067045665
0.00067269892
0.00067494868
0.00067720597
0.0006794708
0.00068174321
0.00068402323
0.00068631086
0.00068860615
0.00069090912
0.00069321979
0.00069553818
0.00069786434
0.00070019827
0.00070254
0.00070488957
0.000707247
0.00070961231
0.00071198554
0.0007143667
0.00071675582
0.00071915294
0.00072155807
0.00072397125
0.0007263925
0.00072882185
0.00073125932
0.00073370494
0.00073615875
0.00073862076
0.00074109101
0.00074356951
0.00074605631
0.00074855143
0.00075105489
0.00075356672
0.00075608695
0.00075861561
0.00076115274
0.00076369834
0.00076625246
0.00076881512
0.00077138636
0.00077396619
0.00077655465
0.00077915177
0.00078175758
0.0007843721
0.00078699536
0.0007896274
0.00079226824
0.00079491792
0.00079757645
0.00080024388
0.00080292023
0.00080560553
0.00080829982
0.00081100311
0.00081371544
0.00081643685
0.00081916736
0.000821907
0.0008246558
0.0008274138
0.00083018102
0.0008329575
0.00083574326
0.00083853834
0.00084134277
0.00084415657
0.00084697979
0.00084981245
0.00085265459
0.00085550623
0.00085836741
0.00086123815
0.0008641185
0.00086700848
0.00086990813
0.00087281748
0.00087573655
0.00087866539
0.00088160403
0.00088455249
0.00088751082
0.00089047904
0.00089345718
0.00089644529
0.00089944339
0.00090245152
0.00090546971
0.00090849799
0.0009115364
0.00091458497
0.00091764374
0.00092071274
0.00092379201
0.00092688157
0.00092998147
0.00093309173
0.0009362124
0.0009393435
0.00094248508
0.00094563716
0.00094879978
0.00095197298
0.0009551568
0.00095835126
0.00096155641
0.00096477228
0.0009679989
0.00097123631
0.00097448456
0.00097774366
0.00098101367
0.00098429461
0.00098758653
0.00099088945
0.00099420342
0.00099752848
0.0010008647
0.001004212
0.0010075705
0.0010109403
0.0010143213
0.0010177137
0.0010211173
0.0010245324
0.0010279589
0.0010313969
0.0010348463
0.0010383073
0.0010417799
0.001045264
0.0010487599
0.0010522674
0.0010557866
0.0010593177
0.0010628605
0.0010664152
0.0010699817
0.0010735602
0.0010771507
0.0010807532
0.0010843677
0.0010879943
0.0010916331
0.001095284
0.0010989471
0.0011026225
0.0011063101
0.0011100101
0.0011137225
0.0011174473
0.0011211845
0.0011249343
0.0011286966
0.0011324714
0.0011362589
0.0011400591
0.001143872
0.0011476976
0.001151536
0.0011553873
0.0011592514
0.0011631285
0.0011670185
0.0011709215
0.0011748376
0.0011787668
0.0011827091
0.0011866647
0.0011906334
0.0011946154
0.0011986108
0.0012026195
0.0012066416
0.0012106771
0.0012147262
0.0012187888
0.001222865
0.0012269548
0.0012310583
0.0012351755
0.0012393065
0.0012434513
0.00124761
0.0012517825
0.0012559691
0.0012601696
0.0012643842
0.0012686129
0.0012728557
0.0012771127
0.0012813839
0.0012856695
0.0012899693
0.0012942836
0.0012986123
0.0013029554
0.0013073131
0.0013116853
0.0013160722
0.0013204738
0.00132489
0.0013293211
0.0013337669
0.0013382277
0.0013427033
0.0013471939
0.0013516996
0.0013562203
0.0013607561
0.0013653071
0.0013698733
0.0013744548
0.0013790516
0.0013836638
0.0013882914
0.0013929345
0.0013975931
0.0014022673
0.0014069571
0.0014116626
0.0014163839
0.0014211209
0.0014258738
0.0014306426
0.0014354273
0.001440228
0.0014450448
0.0014498777
0.0014547268
0.001459592
0.0014644736
0.0014693715
0.0014742857
0.0014792164
0.0014841636
0.0014891273
0.0014941076
0.0014991046
0.0015041183
0.0015091488
0.0015141961
0.0015192602
0.0015243414
0.0015294395
0.0015345546
0.0015396869
0.0015448363
0.0015500029
0.0015551869
0.0015603881
0.0015656068
0.0015708429
0.0015760965
0.0015813677
0.0015866566
0.0015919631
0.0015972873
0.0016026294
0.0016079893
0.0016133672
0.001618763
0.0016241769
0.0016296089
0.0016350591
0.0016405275
0.0016460142
0.0016515192
0.0016570427
0.0016625846
0.001668145
0.0016737241
0.0016793218
0.0016849382
0.0016905735
0.0016962275
0.0017019005
0.0017075924
0.0017133034
0.0017190335
0.0017247827
0.0017305512
0.001736339
0.0017421461
0.0017479727
0.0017538187
0.0017596843
0.0017655695
0.0017714744
0.001777399
0.0017833434
0.0017893078
0.0017952921
0.0018012963
0.0018073207
0.0018133652
0.00181943
0.001825515
0.0018316204
0.0018377462
0.0018438924
0.0018500593
0.0018562467
0.0018624549
0.0018686838
0.0018749336
0.0018812042
0.0018874958
0.0018938085
0.0019001423
0.0019064972
0.0019128734
0.001919271
0.0019256899
0.0019321303
0.0019385923
0.0019450758
0.0019515811
0.0019581081
0.0019646569
0.0019712276
0.0019778203
0.0019844351
0.001991072
0.001997731
0.0020044124
0.0020111161
0.0020178422
0.0020245908
0.002031362
0.0020381558
0.0020449723
0.0020518117
0.0020586739
0.0020655591
0.0020724673
0.0020793986
0.002086353
0.0020933308
0.0021003318
0.0021073563
0.0021144043
0.0021214759
0.0021285711
0.00213569
0.0021428328
0.0021499994
0.00215719
0.0021644047
0.0021716434
0.0021789064
0.0021861937
0.0021935054
0.0022008415
0.0022082021
0.0022155874
0.0022229973
0.0022304321
0.0022378917
0.0022453762
0.0022528858
0.0022604205
0.0022679804
0.0022755656
0.0022831762
0.0022908122
0.0022984737
0.0023061609
0.0023138738
0.0023216125
0.002329377
0.0023371676
0.0023449841
0.0023528269
0.0023606958
0.0023685911
0.0023765128
0.0023844609
0.0023924357
0.0024004371
0.0024084653
0.0024165204
0.0024246023
0.0024327113
0.0024408475
0.0024490108
0.0024572014
0.0024654195
0.002473665
0.0024819381
0.0024902388
0.0024985674
0.0025069238
0.0025153081
0.0025237205
0.002532161
0.0025406297
0.0025491267
0.0025576522
0.0025662062
0.0025747888
0.0025834001
0.0025920402
0.0026007092
0.0026094072
0.0026181343
0.0026268906
0.0026356761
0.002644491
0.0026533355
0.0026622095
0.0026711131
0.0026800466
0.0026890099
0.0026980032
0.0027070266
0.0027160802
0.002725164
0.0027342783
0.002743423
0.0027525983
0.0027618043
0.002771041
0.0027803087
0.0027896074
0.0027989371
0.0028082981
0.0028176903
0.002827114
0.0028365692
0.002846056
0.0028555746
0.002865125
0.0028747073
0.0028843217
0.0028939682
0.002903647
0.0029133581
0.0029231018
0.002932878
0.0029426869
0.0029525287
0.0029624033
0.002972311
0.0029822518
0.0029922258
0.0030022332
0.0030122741
0.0030223486
0.0030324567
0.0030425987
0.0030527746
0.0030629845
0.0030732285
0.0030835069
0.0030938196
0.0031041668
0.0031145485
0.0031249651
0.0031354164
0.0031459027
0.0031564241
0.0031669807
0.0031775725
0.0031881998
0.0031988627
0.0032095612
0.0032202955
0.0032310657
0.0032418719
0.0032527142
0.0032635928
0.0032745078
0.0032854593
0.0032964474
0.0033074723
0.003318534
0.0033296328
0.0033407686
0.0033519417
0.0033631522
0.0033744002
0.0033856858
0.0033970091
0.0034083703
0.0034197695
0.0034312068
0.0034426824
0.0034541963
0.0034657488
0.0034773399
0.0034889697
0.0035006385
0.0035123463
0.0035240932
0.0035358795
0.0035477051
0.0035595703
0.0035714752
0.0035834199
0.0035954045
0.0036074293
0.0036194942
0.0036315995
0.0036437453
0.0036559317
0.0036681588
0.0036804269
0.003692736
0.0037050862
0.0037174778
0.0037299108
0.0037423854
0.0037549017
0.0037674598
0.00378006
0.0037927023
0.0038053869
0.0038181139
0.0038308835
0.0038436957
0.0038565509
0.003869449
0.0038823903
0.0038953748
0.0039084028
0.0039214743
0.0039345896
0.0039477487
0.0039609519
0.0039741991
0.0039874907
0.0040008268
0.0040142075
0.0040276329
0.0040411032
0.0040546185
0.0040681791
0.004081785
0.0040954364
0.0041091335
0.0041228764
0.0041366652
0.0041505002
0.0041643814
0.0041783091
0.0041922833
0.0042063043
0.0042203722
0.0042344871
0.0042486492
0.0042628587
0.0042771157
0.0042914204
0.004305773
0.0043201735
0.0043346222
0.0043491192
0.0043636647
0.0043782589
0.0043929019
0.0044075938
0.0044223349
0.0044371253
0.0044519651
0.0044668546
0.0044817939
0.0044967831
0.0045118225
0.0045269121
0.0045420523
0.0045572431
0.0045724846
0.0045877772
0.0046031209
0.0046185159
0.0046339624
0.0046494606
0.0046650106
0.0046806126
0.0046962668
0.0047119733
0.0047277324
0.0047435442
0.0047594088
0.0047753265
0.0047912975
0.0048073219
0.0048233998
0.0048395316
0.0048557172
0.0048719571
0.0048882512
0.0049045998
0.0049210031
0.0049374613
0.0049539745
0.004970543
0.0049871668
0.0050038463
0.0050205815
0.0050373727
0.0050542201
0.0050711238
0.005088084
0.005105101
0.0051221749
0.0051393059
0.0051564941
0.0051737399
0.0051910434
0.0052084047
0.005225824
0.0052433017
0.0052608378
0.0052784325
0.0052960861
0.0053137987
0.0053315706
0.0053494019
0.0053672929
0.0053852436
0.0054032544
0.0054213255
0.005439457
0.0054576491
0.0054759021
0.0054942161
0.0055125914
0.0055310281
0.0055495265
0.0055680868
0.0055867091
0.0056053937
0.0056241408
0.0056429506
0.0056618233
0.0056807592
0.0056997583
0.005718821
0.0057379475
0.0057571379
0.0057763925
0.0057957115
0.0058150952
0.0058345436
0.0058540571
0.0058736359
0.0058932801
0.00591299
0.0059327659
0.0059526079
0.0059725163
0.0059924912
0.006012533
0.0060326417
0.0060528178
0.0060730613
0.0060933725
0.0061137516
0.0061341989
0.0061547146
0.0061752989
0.0061959521
0.0062166743
0.0062374658
0.0062583269
0.0062792577
0.0063002586
0.0063213296
0.0063424712
0.0063636834
0.0063849666
0.006406321
0.0064277468
0.0064492443
0.0064708136
0.0064924551
0.006514169
0.0065359555
0.0065578149
0.0065797474
0.0066017532
0.0066238326
0.0066459859
0.0066682132
0.0066905149
0.0067128912
0.0067353423
0.0067578686
0.0067804701
0.0068031472
0.0068259002
0.0068487293
0.0068716347
0.0068946168
0.0069176757
0.0069408117
0.0069640251
0.0069873162
0.0070106851
0.0070341322
0.0070576577
0.0070812619
0.0071049451
0.0071287074
0.0071525492
0.0071764708
0.0072004724
0.0072245542
0.0072487166
0.0072729598
0.007297284
0.0073216897
0.0073461769
0.0073707461
0.0073953974
0.0074201312
0.0074449477
0.0074698471
0.0074948299
0.0075198962
0.0075450464
0.0075702807
0.0075955993
0.0076210027
0.007646491
0.0076720645
0.0076977236
0.0077234685
0.0077492995
0.0077752169
0.007801221
0.007827312
0.0078534903
0.0078797562
0.0079061099
0.0079325518
0.0079590821
0.0079857011
0.0080124091
0.0080392065
0.0080660935
0.0080930704
0.0081201375
0.0081472952
0.0081745437
0.0082018833
0.0082293144
0.0082568372
0.0082844521
0.0083121593
0.0083399592
0.008367852
0.0083958382
0.008423918
0.0084520916
0.0084803595
0.008508722
0.0085371792
0.0085657317
0.0085943797
0.0086231235
0.0086519634
0.0086808997
0.0087099329
0.0087390631
0.0087682908
0.0087976162
0.0088270397
0.0088565617
0.0088861823
0.008915902
0.0089457212
0.00897564
0.0090056589
0.0090357782
0.0090659983
0.0090963194
0.0091267419
0.0091572662
0.0091878926
0.0092186213
0.0092494529
0.0092803876
0.0093114258
0.0093425677
0.0093738138
0.0094051644
0.0094366199
0.0094681806
0.0094998468
0.0095316189
0.0095634973
0.0095954823
0.0096275743
0.0096597737
0.0096920807
0.0097244957
0.0097570192
0.0097896515
0.0098223929
0.0098552438
0.0098882046
0.0099212756
0.0099544572
0.0099877498
0.010021154
0.010054669
0.010088297
0.010122037
0.01015589
0.010189857
0.010223937
0.010258131
0.010292439
0.010326862
0.0103614
0.010396053
0.010430823
0.010465709
0.010500711
0.010535831
0.010571068
0.010606423
0.010641896
0.010677488
0.010713198
0.010749029
0.010784979
0.010821049
0.01085724
0.010893552
0.010929985
0.010966541
0.011003218
0.011040019
0.011076942
0.011113989
0.011151159
0.011188454
0.011225874
0.011263419
0.011301089
0.011338886
0.011376809
0.011414859
0.011453035
0.01149134
0.011529773
0.011568334
0.011607025
0.011645844
0.011684794
0.011723873
0.011763084
0.011802426
0.011841899
0.011881504
0.011921242
0.011961112
0.012001116
0.012041254
0.012081526
0.012121933
0.012162475
0.012203152
0.012243965
0.012284915
0.012326002
0.012367227
0.012408589
0.01245009
0.012491729
0.012533508
0.012575426
0.012617484
0.012659684
0.012702024
0.012744506
0.01278713
0.012829897
0.012872806
0.01291586
0.012959057
0.013002398
0.013045885
0.013089517
0.013133295
0.013177219
0.013221291
0.01326551
0.013309876
0.013354391
0.013399055
0.013443868
0.013488831
0.013533945
0.013579209
0.013624625
0.013670193
0.013715913
0.013761786
0.013807812
0.013853993
0.013900328
0.013946817
0.013993463
0.014040264
0.014087222
0.014134337
0.014181609
0.01422904
0.014276629
0.014324378
0.014372286
0.014420354
0.014468583
0.014516973
0.014565526
0.01461424
0.014663118
0.014712159
0.014761364
0.014810734
0.014860268
0.014909969
0.014959836
0.015009869
0.01506007
0.015110439
0.015160976
0.015211682
0.015262558
0.015313604
0.01536482
0.015416208
0.015467768
0.0155195
0.015571406
0.015623485
0.015675738
0.015728166
0.015780769
0.015833548
0.015886504
0.015939637
0.015992947
0.016046436
0.016100104
0.016153951
0.016207978
0.016262186
0.016316576
0.016371147
0.016425901
0.016480838
0.016535958
0.016591263
0.016646753
0.016702429
0.016758291
0.016814339
0.016870575
0.016926999
0.016983612
0.017040415
0.017097407
0.01715459
0.017211964
0.01726953
0.017327288
0.01738524
0.017443386
0.017501726
0.017560261
0.017618992
0.017677919
0.017737044
0.017796366
0.017855887
0.017915606
0.017975526
0.018035646
0.018095967
0.018156489
0.018217215
0.018278143
0.018339275
0.018400611
0.018462153
0.018523901
0.018585855
0.018648016
0.018710385
0.018772963
0.01883575
0.018898747
0.018961955
0.019025374
0.019089005
0.019152849
0.019216907
0.019281179
0.019345666
0.019410369
0.019475288
0.019540424
0.019605778
0.01967135
0.019737142
0.019803154
0.019869387
0.019935841
0.020002518
0.020069417
0.020136541
0.020203889
0.020271462
0.020339261
0.020407287
0.02047554
0.020544022
0.020612733
0.020681673
0.020750845
0.020820247
0.020889882
0.020959749
0.021029851
0.021100186
0.021170757
0.021241564
0.021312608
0.02138389
0.02145541
0.021527169
0.021599168
0.021671408
0.02174389
0.021816614
0.021889581
0.021962793
0.022036249
0.022109951
0.022183899
0.022258095
0.022332539
0.022407232
0.022482175
0.022557368
0.022632813
0.022708511
0.022784461
0.022860666
0.022937125
0.02301384
0.023090812
0.023168041
0.023245529
0.023323276
0.023401282
0.02347955
0.02355808
0.023636872
0.023715928
0.023795248
0.023874833
0.023954685
0.024034804
0.02411519
0.024195846
0.024276771
0.024357968
0.024439435
0.024521175
0.024603189
0.024685477
0.02476804
0.02485088
0.024933996
0.02501739
0.025101064
0.025185017
0.025269251
0.025353767
0.025438565
0.025523648
0.025609014
0.025694667
0.025780605
0.025866832
0.025953346
0.02604015
0.026127245
0.026214631
0.026302309
0.02639028
0.026478546
0.026567106
0.026655963
0.026745118
0.02683457
0.026924322
0.027014374
0.027104727
0.027195382
0.027286341
0.027377604
0.027469172
0.027561046
0.027653228
0.027745718
0.027838518
0.027931627
0.028025049
0.028118783
0.02821283
0.028307192
0.028401869
0.028496864
0.028592176
0.028687807
0.028783757
0.028880029
0.028976623
0.02907354
0.029170781
0.029268347
0.02936624
0.02946446
0.029563009
0.029661887
0.029761096
0.029860637
0.029960511
0.030060719
0.030161262
0.030262142
0.030363359
0.030464914
0.030566809
0.030669045
0.030771624
0.030874545
0.03097781
0.031081421
0.031185379
0.031289684
0.031394338
0.031499343
0.031604698
0.031710406
0.031816468
0.031922884
0.032029657
0.032136786
0.032244274
0.032352121
0.03246033
0.0325689
0.032677833
0.032787131
0.032896794
0.033006825
0.033117223
0.033227991
0.033339129
0.033450639
0.033562522
0.033674779
0.033787412
0.033900421
0.034013809
0.034127576
0.034241723
0.034356253
0.034471165
0.034586462
0.034702145
0.034818214
0.034934672
0.035051519
0.035168758
0.035286388
0.035404412
0.035522831
0.035641646
0.035760859
0.03588047
0.036000481
0.036120894
0.03624171
0.03636293
0.036484555
0.036606588
0.036729028
0.036851878
0.036975139
0.037098813
0.0372229
0.037347402
0.037472321
0.037597658
0.037723414
0.037849591
0.03797619
0.038103212
0.038230659
0.038358533
0.038486835
0.038615565
0.038744727
0.03887432
0.039004347
0.03913481
0.039265708
0.039397044
0.03952882
0.039661037
0.039793696
0.039926799
0.040060347
0.040194342
0.040328785
0.040463678
0.040599022
0.04073482
0.040871071
0.041007778
0.041144943
0.041282566
0.04142065
0.041559196
0.041698206
0.04183768
0.041977621
0.042118031
0.04225891
0.04240026
0.042542084
0.042684382
0.042827155
0.042970407
0.043114138
0.04325835
0.043403044
0.043548222
0.043693886
0.043840038
0.043986678
0.044133809
0.044281433
0.04442955
0.044578163
0.044727273
0.044876882
0.045026991
0.045177603
0.045328719
0.04548034
0.045632469
0.045785106
0.045938254
0.046091915
0.04624609
0.046400781
0.046555989
0.046711716
0.046867965
0.047024736
0.047182032
0.047339855
0.047498205
0.047657085
0.047816497
0.047976442
0.048136922
0.04829794
0.048459496
0.048621593
0.048784232
0.048947415
0.049111144
0.049275421
0.049440248
0.049605626
0.049771558
0.049938045
0.050105089
0.050272692
0.050440856
0.050609582
0.050778873
0.050948731
0.051119157
0.051290153
0.051461722
0.051633864
0.051806583
0.051979879
0.052153756
0.052328214
0.052503256
0.052678884
0.052855099
0.053031904
0.053209301
0.053387292
0.053565878
0.053745061
0.053924845
0.05410523
0.054286218
0.054467812
0.054650014
0.054832826
0.055016249
0.055200287
0.05538494
0.055570211
0.055756102
0.055942615
0.056129753
0.056317516
0.056505908
0.056694931
0.056884586
0.057074876
0.057265802
0.057457368
0.057649575
0.057842425
0.05803592
0.058230063
0.058424856
0.0586203
0.058816399
0.059013154
0.059210567
0.059408641
0.059607379
0.059806781
0.06000685
0.06020759
0.060409001
0.060611086
0.060813848
0.061017288
0.061221409
0.061426213
0.061631703
0.06183788
0.062044748
0.062252308
0.062460563
0.062669514
0.062879166
0.063089518
0.063300575
0.063512339
0.063724811
0.063937994
0.064151891
0.064366504
0.064581835
0.064797887
0.065014662
0.065232163
0.065450392
0.065669351
0.065889044
0.066109471
0.066330637
0.066552543
0.066775191
0.066998585
0.067222727
0.067447619
0.067673264
0.067899664
0.068126822
0.068354741
0.068583422
0.068812869
0.069043085
0.06927407
0.06950583
0.069738365
0.069971678
0.070205772
0.070440651
0.070676315
0.070912769
0.071150014
0.071388053
0.071626889
0.071866525
0.072106963
0.072348206
0.072590257
0.072833118
0.073076792
0.073321283
0.073566591
0.073812721
0.074059675
0.074307456
0.074556067
0.074805509
0.075055787
0.075306903
0.07555886
0.075811661
0.076065308
0.076319804
0.076575152
0.076831355
0.077088417
0.077346339
0.077605124
0.077864776
0.078125298
0.078386692
0.078648961
0.078912109
0.079176137
0.07944105
0.07970685
0.07997354
0.080241123
0.080509602
0.08077898
0.081049261
0.081320446
0.08159254
0.081865545
0.082139464
0.0824143
0.082690057
0.082966737
0.083244344
0.083522881
0.083802351
0.084082756
0.084364101
0.084646388
0.08492962
0.085213801
0.085498934
0.085785022
0.086072068
0.086360076
0.086649048
0.086938988
0.087229899
0.087521785
0.087814648
0.088108493
0.088403321
0.088699137
0.088995944
0.089293746
0.089592545
0.089892344
0.090193149
0.09049496
0.090797783
0.09110162
0.091406475
0.091712352
0.092019253
0.092327182
0.092636143
0.092946139
0.093257173
0.09356925
0.093882372
0.094196543
0.094511767
0.094828047
0.095145386
0.095463789
0.095783259
0.096103799
0.096425413
0.096748104
0.097071877
0.097396735
0.097722681
0.09804972
0.098377854
0.098707088
0.099037425
0.09936887
0.099701424
0.10003509
0.10036988
0.10070579
0.10104283
0.10138099
0.10172029
0.10206072
0.1024023
0.10274502
0.10308889
0.10343391
0.10378009
0.10412743
0.10447593
0.1048256
0.10517644
0.10552846
0.10588166
0.10623604
0.10659161
0.10694838
0.10730633
0.10766549
0.10802585
0.10838742
0.10875021
0.1091142
0.10947942
0.10984587
0.11021354
0.11058244
0.11095258
0.11132396
0.11169659
0.11207047
0.1124456
0.11282199
0.11319964
0.11357855
0.11395874
0.1143402
0.11472294
0.11510696
0.11549228
0.11587888
0.11626678
0.11665598
0.11704649
0.1174383
0.11783143
0.11822588
0.11862165
0.11901875
0.11941718
0.11981695
0.12021805
0.12062051
0.12102431
0.12142947
0.12183598
0.12224386
0.12265311
0.12306373
0.12347573
0.12388911
0.12430388
0.12472003
0.12513759
0.12555654
0.12597691
0.12639868
0.12682186
0.12724647
0.1276725
0.12809996
0.12852886
0.12895919
0.12939097
0.12982419
0.13025888
0.13069501
0.13113262
0.13157169
0.13201223
0.13245426
0.13289776
0.13334276
0.13378925
0.13423724
0.13468673
0.13513773
0.13559024
0.13604427
0.13649983
0.13695692
0.13741554
0.1378757
0.1383374
0.13880066
0.13926547
0.13973184
0.14019978
0.14066928
0.14114037
0.14161303
0.14208729
0.14256313
0.14304058
0.14351962
0.14400028
0.14448255
0.14496644
0.14545195
0.1459391
0.14642788
0.1469183
0.14741037
0.1479041
0.14839948
0.14889652
0.14939524
0.14989563
0.1503977
0.15090146
0.15140691
0.15191406
0.15242291
0.15293347
0.15344575
0.15395975
0.15447548
0.15499294
0.15551214
0.15603308
0.15655577
0.15708022
0.15760644
0.15813442
0.15866418
0.15919571
0.15972904
0.16026415
0.16080107
0.16133979
0.16188032
0.16242267
0.16296684
0.16351284
0.16406068
0.16461036
0.16516189
0.16571527
0.16627051
0.16682762
0.16738661
0.16794747
0.16851022
0.16907487
0.16964141
0.17020986
0.17078022
0.17135249
0.1719267
0.17250283
0.17308091
0.17366093
0.1742429
0.17482682
0.17541272
0.17600058
0.17659042
0.17718225
0.17777607
0.17837189
0.17896971
0.17956955
0.1801714
0.18077528
0.18138119
0.18198915
0.18259915
0.1832112
0.18382531
0.18444149
0.18505975
0.18568009
0.18630252
0.18692704
0.18755366
0.1881824
0.18881325
0.18944623
0.19008134
0.1907186
0.19135799
0.19199954
0.19264326
0.19328914
0.19393719
0.19458744
0.19523987
0.1958945
0.19655134
0.19721039
0.19787166
0.19853516
0.19920089
0.19986888
0.20053911
0.2012116
0.20188636
0.2025634
0.20324271
0.20392432
0.20460823
0.20529444
0.20598297
0.20667382
0.207367
0.20806251
0.20876038
0.20946059
0.21016317
0.21086812
0.21157545
0.21228517
0.21299728
0.21371179
0.21442872
0.21514806
0.21586984
0.21659405
0.2173207
0.21804981
0.21878137
0.21951541
0.22025193
0.22099093
0.22173243
0.22247644
0.22322295
0.22397199
0.22472356
0.22547766
0.22623432
0.22699353
0.2277553
0.22851965
0.22928659
0.23005611
0.23082824
0.23160297
0.23238032
0.2331603
0.23394292
0.23472819
0.2355161
0.23630669
0.23709994
0.23789588
0.23869451
0.23949585
0.24029989
0.24110665
0.24191614
0.24272837
0.24354335
0.24436109
0.24518159
0.24600488
0.24683094
0.24765981
0.24849148
0.24932596
0.25016327
0.25100342
0.25184641
0.25269226
0.25354097
0.25439255
0.25524702
0.25610439
0.25696465
0.25782784
0.25869395
0.25956299
0.26043498
0.26130993
0.26218784
0.26306873
0.2639526
0.26483947
0.26572935
0.26662225
0.26751817
0.26841713
0.26931915
0.27022422
0.27113236
0.27204359
0.27295791
0.27387533
0.27479586
0.27571952
0.27664632
0.27757626
0.27850936
0.27944563
0.28038508
0.28132772
0.28227356
0.28322262
0.2841749
0.28513041
0.28608917
0.2870512
0.28801649
0.28898506
0.28995693
0.2909321
0.29191058
0.2928924
0.29387755
0.29486606
0.29585792
0.29685317
0.2978518
0.29885383
0.29985927
0.30086813
0.30188042
0.30289617
0.30391537
0.30493804
0.3059642
0.30699385
0.30802701
0.30906369
0.3101039
0.31114766
0.31219498
0.31324586
0.31430033
0.3153584
0.31642007
0.31748537
0.3185543
0.31962687
0.32070311
0.32178302
0.32286661
0.3239539
0.32504491
0.32613964
0.32723811
0.32834033
0.32944631
0.33055607
0.33166963
0.33278699
0.33390817
0.33503318
0.33616204
0.33729476
0.33843135
0.33957183
0.34071621
0.34186451
0.34301674
0.3441729
0.34533303
0.34649713
0.34766521
0.3488373
0.35001339
0.35119352
0.35237769
0.35356592
0.35475822
0.35595461
0.3571551
0.3583597
0.35956844
0.36078132
0.36199836
0.36321958
0.36444499
0.36567461
0.36690844
0.36814652
0.36938884
0.37063543
0.37188631
0.37314148
0.37440097
0.37566478
0.37693294
0.37820546
0.37948236
0.38076365
0.38204934
0.38333946
0.38463402
0.38593304
0.38723653
0.38854451
0.38985699
0.39117399
0.39249553
0.39382163
0.3951523
0.39648755
0.39782741
0.39917189
0.40052101
0.40187478
0.40323323
0.40459636
0.4059642
0.40733677
0.40871407
0.41009614
0.41148298
0.41287461
0.41427105
0.41567232
0.41707844
0.41848943
0.41990529
0.42132605
0.42275174
0.42418236
0.42561793
0.42705848
0.42850401
0.42995456
0.43141014
0.43287076
0.43433644
0.43580722
0.43728309
0.43876409
0.44025023
0.44174153
0.443238
0.44473968
0.44624657
0.44775871
0.4492761
0.45079876
0.45232672
0.45386
0.45539862
0.45694259
0.45849194
0.46004668
0.46160684
0.46317243
0.46474349
0.46632002
0.46790205
0.4694896
0.47108269
0.47268134
0.47428557
0.4758954
0.47751086
0.47913197
0.48075874
0.48239119
0.48402936
0.48567326
0.48732291
0.48897834
0.49063957
0.49230661
0.49397949
0.49565824
0.49734287
0.49903341
0.50072989
0.50243231
0.50414071
0.50585511
0.50757554
0.50930201
0.51103454
0.51277317
0.51451791
0.51626879
0.51802584
0.51978907
0.52155851
0.52333418
0.52511611
0.52690433
0.52869885
0.5304997
0.5323069
0.53412049
0.53594048
0.53776691
0.53959978
0.54143914
0.543285
0.54513739
0.54699634
0.54886188
0.55073401
0.55261279
0.55449822
0.55639034
0.55828917
0.56019473
0.56210707
0.56402619
0.56595213
0.56788492
0.56982458
0.57177114
0.57372463
0.57568507
0.5776525
0.57962693
0.5816084
0.58359694
0.58559257
0.58759532
0.58960522
0.5916223
0.59364659
0.59567812
0.59771691
0.599763
0.60181641
0.60387717
0.60594532
0.60802088
0.61010389
0.61219436
0.61429234
0.61639786
0.61851094
0.62063161
0.62275991
0.62489586
0.62703951
0.62919087
0.63134999
0.63351688
0.63569159
0.63787415
0.64006459
0.64226294
0.64446923
0.6466835
0.64890577
0.65113609
0.65337448
0.65562099
0.65787563
0.66013845
0.66240949
0.66468876
0.66697632
0.66927218
0.6715764
0.673889
0.67621001
0.67853948
0.68087744
0.68322392
0.68557896
0.6879426
0.69031487
0.69269581
0.69508545
0.69748384
0.699891
0.70230698
0.70473182
0.70716554
0.7096082
0.71205983
0.71452046
0.71699013
0.71946889
0.72195677
0.72445382
0.72696006
0.72947554
0.73200031
0.7345344
0.73707784
0.73963069
0.74219298
0.74476476
0.74734606
0.74993692
0.7525374
0.75514752
0.75776734
0.76039689
0.76303622
0.76568537
0.76834438
0.7710133
0.77369217
0.77638104
0.77907995
0.78178894
0.78450806
0.78723736
0.78997688
0.79272666
0.79548675
0.7982572
0.80103805
0.80382936
0.80663116
0.80944351
0.81226645
0.81510003
0.8179443
0.82079931
0.82366511
0.82654174
0.82942925
0.83232771
0.83523714
0.83815761
0.84108917
0.84403187
0.84698575
0.84995088
0.85292729
0.85591505
0.85891421
0.86192482
0.86494693
0.8679806
0.87102588
0.87408283
0.8771515
0.88023194
0.88332422
0.88642838
0.88954448
0.89267259
0.89581275
0.89896502
0.90212947
0.90530614
0.90849511
0.91169642
0.91491014
0.91813632
0.92137503
0.92462632
0.92789026
0.93116691
0.93445633
0.93775858
0.94107373
0.94440183
0.94774296
0.95109717
0.95446452
0.95784509
0.96123894
0.96464613
0.96806674
0.97150082
0.97494844
0.97840967
0.98188458
0.98537324
0.98887572
0.99239208
0.99592239
0.99946673
1.0030252
1.0065978
1.0101846
1.0137858
1.0174013
1.0210313
1.0246758
1.0283349
1.0320087
1.0356973
1.0394007
1.043119
1.0468523
1.0506007
1.0543641
1.0581429
1.0619369
1.0657463
1.0695711
1.0734115
1.0772675
1.0811392
1.0850268
1.0889301
1.0928495
1.0967848
1.1007363
1.1047041
1.1086881
1.1126885
1.1167054
1.1207388
1.1247889
1.1288557
1.1329394
1.13704
1.1411576
1.1452923
1.1494442
1.1536134
1.1578001
1.1620042
1.1662258
1.1704652
1.1747224
1.1789974
1.1832904
1.1876015
1.1919308
1.1962783
1.2006442
1.2050287
1.2094317
1.2138534
1.2182939
1.2227534
1.2272318
1.2317294
1.2362462
1.2407824
1.245338
1.2499132
1.2545081
1.2591227
1.2637573
1.268412
1.2730867
1.2777817
1.2824972
1.2872331
1.2919896
1.2967669
1.301565
1.3063842
1.3112244
1.3160859
1.3209688
1.3258731
1.3307991
1.3357468
1.3407165
1.3457081
1.3507219
1.355758
1.3608164
1.3658975
1.3710012
1.3761278
1.3812774
1.3864501
1.391646
1.3968653
1.4021082
1.4073748
1.4126652
1.4179796
1.4233181
1.428681
1.4340683
1.4394801
1.4449168
1.4503783
1.4558649
1.4613767
1.4669139
1.4724767
1.4780652
1.4836795
1.4893199
1.4949865
1.5006795
1.506399
1.5121453
1.5179184
1.5237186
1.5295461
1.535401
1.5412835
1.5471938
1.553132
1.5590984
1.5650931
1.5711164
1.5771684
1.5832493
1.5893593
1.5954985
1.6016673
1.6078657
1.6140941
1.6203525
1.6266412
1.6329604
1.6393103
1.6456911
1.652103
1.6585463
1.6650211
1.6715276
1.6780662
1.6846369
1.69124
1.6978758
1.7045445
1.7112462
1.7179813
1.7247499
1.7315523
1.7383887
1.7452593
1.7521645
1.7591044
1.7660792
1.7730893
1.7801349
1.7872161
1.7943334
1.8014869
1.8086768
1.8159035
1.8231672
1.8304681
1.8378066
1.8451828
1.8525972
1.8600498
1.867541
1.8750712
1.8826405
1.8902492
1.8978976
1.9055861
1.9133148
1.9210841
1.9288943
1.9367457
1.9446385
1.9525731
1.9605498
1.9685688
1.9766305
1.9847352
1.9928832
2.0010747
2.0093102
2.0175896
2.0259132
2.0342814
2.0426945
2.0511529
2.0596567
2.0682064
2.0768023
2.0854446
2.0941338
2.1028701
2.1116539
2.1204855
2.1293653
2.1382935
2.1472706
2.1562969
2.1653727
2.1744983
2.1836742
2.1929007
2.202178
2.2115067
2.220887
2.2303193
2.239804
2.2493416
2.2589323
2.2685767
2.2782751
2.2880279
2.2978355
2.3076984
2.3176169
2.3275916
2.3376227
2.3477108
2.3578562
2.3680595
2.3783209
2.388641
2.3990201
2.4094586
2.4199569
2.4305155
2.4411347
2.451815
2.4625567
2.4733604
2.4842263
2.495155
2.5061468
2.5172021
2.5283215
2.5395053
2.5507541
2.5620684
2.5734485
2.584895
2.5964083
2.6079889
2.6196374
2.6313541
2.6431396
2.6549944
2.6669189
2.6789134
2.6909785
2.7031146
2.7153221
2.7276014
2.7399529
2.7523772
2.7648746
2.7774456
2.7900905
2.8028099
2.8156042
2.8284737
2.841419
2.8544404
2.8675383
2.8807133
2.8939657
2.907296
2.9207046
2.9341921
2.947759
2.9614057
2.9751329
2.9889409
3.0028302
3.0168015
3.0308552
3.0449917
3.0592117
3.0735156
3.0879038
3.102377
3.1169356
3.1315801
3.146311
3.1611288
3.1760338
3.1910265
3.2061074
3.2212768
3.2365352
3.2518831
3.2673208
3.2828487
3.2984673
3.3141771
3.3299783
3.3458715
3.3618571
3.3779354
3.394107
3.4103722
3.4267315
3.4431853
3.4597341
3.4763783
3.4931183
3.5099545
3.5268875
3.5439175
3.561045
3.5782705
3.5955944
3.613017
3.6305389
3.6481604
3.665882
3.683704
3.7016269
3.7196511
3.7377771
3.7560053
3.774336
3.7927697
3.8113068
3.8299478
3.8486931
3.867543
3.8864981
3.9055587
3.9247252
3.9439982
3.9633779
3.982865
4.0024597
4.0221626
4.041974
4.0618944
4.0819243
4.1020641
4.1223142
4.1426751
4.1631473
4.1837312
4.2044273
4.225236
4.2461578
4.2671933
4.2883428
4.3096068
4.330986
4.3524808
4.3740918
4.3958196
4.4176648
4.4396278
4.4617094
4.4839101
4.5062302
4.5286704
4.551231
4.5739125
4.5967155
4.6196403
4.6426874
4.6658573
4.6891506
4.7125676
4.7361089
4.7597749
4.7835662
4.8074832
4.8315265
4.8556966
4.879994
4.9044193
4.9289729
4.9536554
4.9784674
5.0034094
5.0284819
5.0536855
5.0790208
5.1044883
5.1300885
5.1558223
5.1816901
5.2076925
5.2338303
5.2601041
5.2865145
5.3130621
5.3397476
5.3665716
5.3935347
5.4206375
5.4478808
5.4752651
5.5027911
5.5304594
5.5582707
5.5862257
5.6143251
5.6425694
5.6709595
5.6994959
5.7281795
5.7570108
5.7859908
5.81512
5.8443993
5.8738293
5.903411
5.9331449
5.9630318
5.9930725
6.0232675
6.0536177
6.0841238
6.1147865
6.1456065
6.1765846
6.2077216
6.2390182
6.2704754
6.3020937
6.3338742
6.3658175
6.3979245
6.4301961
6.4626333
6.4952371
6.5280083
6.5609481
6.5940573
6.627337
6.660788
6.6944109
6.7282067
6.7621761
6.7963198
6.8306386
6.8651334
6.8998049
6.934654
6.9696814
7.004888
7.0402747
7.0758423
7.1115921
7.1475254
7.1836435
7.2199477
7.2564392
7.2931194
7.329989
7.3670492
7.4043009
7.4417451
7.4793827
7.5172149
7.5552426
7.5934669
7.6318888
7.6705094
7.7093298
7.7483511
7.7875746
7.8270014
7.8666327
7.9064698
7.9465138
7.9867661
8.0272278
8.0679002
8.1087846
8.1498822
8.1911945
8.2327226
8.2744679
8.3164318
8.3586156
8.4010207
8.4436484
8.4865001
8.5295773
8.5728814
8.6164137
8.6601758
8.7041691
8.7483951
8.7928553
8.8375512
8.8824844
8.9276564
8.9730688
9.0187232
9.0646212
9.1107645
9.1571547
9.2037935
9.2506826
9.2978238
9.3452188
9.3928693
9.4407772
9.4889442
9.5373722
9.586063
9.6350184
9.6842403
9.7337307
9.7834914
9.8335244
9.8838316
9.934415
9.9852766
10.036418
10.087842
10.139551
10.191546
10.243829
10.296403
10.34927
10.402433
10.455892
10.509652
10.563713
10.618079
10.672752
10.727734
10.783027
10.838635
10.89456
10.950804
11.00737
11.064257
11.121275
11.178423
11.235699
11.293102
11.350629
11.408278
11.466047
11.523935
11.581938
11.640057
11.698287
11.756627
11.815076
11.873631
11.932289
11.991049
12.049909
12.108867
12.16792
12.227067
12.286305
12.345632
12.405047
12.464547
12.52413
12.583794
12.643538
12.703359
12.763255
12.823224
12.883266
12.943376
13.003555
13.063799
13.124107
13.184477
13.244907
13.305395
13.365939
13.426538
13.48719
13.547892
13.608643
13.669441
13.730285
13.791172
13.8521
13.913068
13.974074
14.035116
14.096193
14.157301
14.218441
14.279609
14.340805
14.402026
14.463271
14.524537
14.585824
14.64713
14.708452
14.76979
14.831142
14.892506
14.95388
15.015264
15.076655
15.138052
15.199454
15.260858
15.322264
15.38367
15.445075
15.506476
15.567874
15.629266
15.69065
15.752026
15.813393
15.874748
15.936091
15.99742
16.058734
16.120031
16.181312
16.242573
16.303814
16.365034
16.426231
16.487404
16.548553
16.609675
16.67077
16.731837
16.792874
16.85388
16.914855
16.975796
17.036704
17.097576
17.158412
17.219211
17.279972
17.340694
17.401375
17.462015
17.522613
17.583168
17.643679
17.704145
17.764565
17.824939
17.885266
17.945544
18.005773
18.065951
18.126079
18.186156
18.246179
18.30615
18.366066
18.425927
18.485733
18.545482
18.605174
18.664808
18.724384
18.7839
18.843356
18.902751
18.962085
19.021357
19.080566
19.139712
19.198794
19.257811
19.316764
19.37565
19.434471
19.493224
19.55191
19.610528
19.669077
19.727558
19.785968
19.844308
19.902578
19.960776
20.018903
20.076957
20.134939
20.192847
20.250682
20.308443
20.366129
20.42374
20.481276
20.538737
20.596121
20.653428
20.710659
20.767812
20.824887
20.881885
20.938803
20.995643
21.052404
21.109085
21.165686
21.222207
21.278647
21.335007
21.391285
21.447482
21.503598
21.559631
21.615582
21.67145
21.727236
21.782938
21.838557
21.894093
21.949544
22.004912
22.060194
22.115393
22.170506
22.225534
22.280477
22.335335
22.390108
22.444795
22.499397
22.553912
22.60834
22.662681
22.716934
22.7711
22.825178
22.879167
22.933068
22.986882
23.040609
23.094247
23.147796
23.201256
23.254627
23.307909
23.361101
23.414205
23.46722
23.520146
23.572982
23.625729
23.678386
23.730952
23.783427
23.835813
23.888108
23.940314
23.992428
24.044451
24.096383
24.148223
24.199973
24.251631
24.303199
24.354676
24.40606
24.457353
24.508554
24.559664
24.610683
24.661611
24.712448
24.763193
24.813846
24.864407
24.914877
24.965255
25.01554
25.065734
25.115835
25.165845
25.215762
25.265587
25.315319
25.36496
25.414508
25.463963
25.513327
25.562597
25.611776
25.660862
25.709856
25.758757
25.807566
25.856282
25.904906
25.953438
26.001877
26.050224
26.098478
26.14664
26.19471
26.242687
26.290572
26.338364
26.386064
26.433672
26.481187
26.528611
26.575941
26.62318
26.670326
26.71738
26.764342
26.811212
26.85799
26.904675
26.951268
26.99777
27.044179
27.090496
27.136722
27.182856
27.228898
27.274848
27.320706
27.366473
27.412149
27.457733
27.503225
27.548627
27.593937
27.639155
27.684283
27.729319
27.774265
27.819119
27.863883
27.908556
27.953139
27.99763
28.042032
28.086343
28.130563
28.174693
28.218734
28.262684
28.306544
28.350314
28.393994
28.437585
28.481086
28.524498
28.56782
28.611053
28.654197
28.697253
28.740219
28.783097
28.825886
28.868587
28.911199
28.953724
28.99616
29.038509
29.08077
29.122943
29.16503
29.20703
29.248944
29.290773
29.332515
29.374172
29.415742
29.457226
29.498624
29.539936
29.581162
29.622301
29.663355
29.704323
29.745206
29.786004
29.826718
29.867349
29.907896
29.948361
29.988744
30.029044
30.069262
30.109398
30.149452
30.189424
30.229313
30.26912
30.308845
30.348488
30.38805
30.427531
30.466931
30.506252
30.545493
30.584655
30.623738
30.662742
30.701668
30.740516
30.779287
30.81798
30.856596
30.895135
30.933598
30.971985
31.010297
31.048533
31.086694
31.12478
31.162792
31.200731
31.238596
31.276389
31.31411
31.351759
31.389337
31.426844
31.46428
31.501645
31.538939
31.576163
31.613317
31.650401
31.687414
31.724359
31.761235
31.798044
31.834785
31.87146
31.908069
31.944612
31.981091
32.017506
32.053856
32.090142
32.126365
32.162524
32.19862
32.234652
32.270621
32.306528
32.342372
32.378155
32.413877
32.449539
32.48514
32.520683
32.556166
32.591591
32.626957
32.662265
32.697516
32.73271
32.767847
32.802927
32.837952
32.872921
32.907835
32.942693
32.977498
33.012247
33.046943
33.081586
33.116175
33.150712
33.185197
33.21963
33.254012
33.288343
33.322623
33.356852
33.39103
33.425158
33.459234
33.49326
33.527235
33.56116
33.595035
33.628861
33.662637
33.696365
33.730044
33.763675
33.797258
33.830793
33.86428
33.897719
33.931112
33.964457
33.997755
34.031006
34.06421
34.097368
34.130479
34.163543
34.196561
34.229534
34.262461
34.295342
34.328178
34.360969
34.393714
34.426413
34.459066
34.491673
34.524234
34.556748
34.589216
34.621636
34.65401
34.686338
34.718619
34.750854
34.783043
34.815186
34.847282
34.879332
34.911335
34.943292
34.975202
35.007065
35.03888
35.070649
35.10237
35.134044
35.165671
35.197251
35.228784
35.260268
35.291704
35.323091
35.354429
35.385717
35.416955
35.448142
35.479278
35.510363
35.541395
35.572376
35.603305
35.634182
35.665007
35.695779
35.726498
35.757163
35.787775
35.818333
35.848836
35.879285
35.90968
35.940019
35.970303
36.000531
36.030702
36.060816
36.090871
36.120867
36.150804
36.180681
36.210497
36.240252
36.269944
36.299575
36.329143
36.358648
36.38809
36.41747
36.446785
36.476037
36.505225
36.534349
36.563408
36.592401
36.621327
36.650187
36.678979
36.707702
36.736357
36.764941
36.793456
36.8219
36.850272
36.878573
36.906803
36.934961
36.963048
36.991063
37.019006
37.046876
37.074674
37.102399
37.130051
37.157629
37.185134
37.212566
37.239923
37.267207
37.294417
37.321553
37.348614
37.375601
37.402514
37.429353
37.456117
37.482807
37.509423
37.535964
37.562432
37.588825
37.615144
37.641389
37.66756
37.693657
37.71968
37.745629
37.771506
37.79731
37.823041
37.848701
37.874288
37.899804
37.925248
37.95062
37.975921
38.00115
38.026308
38.051396
38.076413
38.10136
38.126237
38.151044
38.175781
38.20045
38.22505
38.249582
38.274045
38.29844
38.322768
38.347029
38.371223
38.395351
38.419413
38.443408
38.467338
38.491202
38.515001
38.538736
38.562405
38.586011
38.609554
38.633035
38.656453
38.679811
38.703107
38.726343
38.74952
38.772636
38.795693
38.818691
38.841631
38.864512
38.887336
38.910103
38.932813
38.955467
38.978064
39.000607
39.023096
39.045531
39.067914
39.090245
39.112526
39.134755
39.156935
39.179064
39.201145
39.223177
39.24516
39.267096
39.288985
39.310829
39.332627
39.35438
39.37609
39.397756
39.419379
39.440961
39.462502
39.484003
39.505463
39.526885
39.548267
39.569612
39.590919
39.61219
39.633423
39.654621
39.675784
39.696912
39.718006
39.739066
39.760092
39.781086
39.802048
39.822977
39.843874
39.864741
39.885577
39.906383
39.927159
39.947906
39.968623
39.989312
40.009972
40.030603
40.051207
40.071782
40.09233
40.112851
40.133344
40.153809
40.174248
40.194659
40.215044
40.235402
40.255734
40.276039
40.296317
40.316568
40.336792
40.35699
40.37716
40.397304
40.417422
40.437512
40.457576
40.477614
40.497624
40.517608
40.537565
40.557496
40.577399
40.597277
40.617128
40.636954
40.656754
40.676528
40.696279
40.716006
40.735709
40.75539
40.77505
40.794689
40.814308
40.833908
40.85349
40.873055
40.892603
40.912137
40.931656
40.951161
40.970654
40.990135
41.009606
41.029066
41.048517
41.06796
41.087394
41.106821
41.126237
41.145634
41.165025
41.184409
41.203786
41.223157
41.242521
41.261879
41.281229
41.300574
41.319911
41.339242
41.358566
41.377883
41.397194
41.416498
41.435795
41.455086
41.47437
41.493647
41.512917
41.53218
41.551437
41.570687
41.589931
41.609167
41.628397
41.64762
41.666836
41.686045
41.705247
41.724443
41.743632
41.762814
41.781989
41.801157
41.820318
41.839473
41.85862
41.877761
41.896895
41.916022
41.935142
41.954255
41.973361
41.99246
42.011553
42.030638
42.049716
42.068788
42.087852
42.10691
42.12596
42.145004
42.16404
42.18307
42.202092
42.221107
42.240116
42.259117
42.278111
42.297098
42.316078
42.335051
42.354017
42.372976
42.391928
42.410872
42.42981
42.44874
42.467663
42.486579
42.505487
42.524389
42.543283
42.562171
42.581051
42.599923
42.618789
42.637647
42.656499
42.675342
42.694179
42.713009
42.731831
42.750645
42.769453
42.788253
42.807046
42.825832
42.84461
42.863381
42.882145
42.900901
42.91965
42.938392
42.957126
42.975853
42.994572
43.013285
43.031989
43.050686
43.069376
43.088059
43.106733
43.125401
43.144061
43.162713
43.181358
43.199996
43.218626
43.237248
43.255863
43.274471
43.29307
43.311663
43.330247
43.348824
43.367394
43.385956
43.40451
43.423057
43.441596
43.460127
43.478651
43.497167
43.515675
43.534176
43.552669
43.571154
43.589631
43.608101
43.626563
43.645017
43.663464
43.681903
43.700334
43.718757
43.737172
43.75558
43.773979
43.792371
43.810755
43.829132
43.8475
43.86586
43.884213
43.902557
43.920894
43.939223
43.957544
43.975857
43.994162
44.012459
44.030748
44.049029
44.067302
44.085567
44.103825
44.122074
44.140315
44.158548
44.176773
44.194989
44.213198
44.231399
44.249592
44.267776
44.285952
44.304121
44.322281
44.340433
44.358576
44.376712
44.394839
44.412959
44.43107
44.449172
44.467267
44.485353
44.503431
44.521501
44.539562
44.557615
44.57566
44.593696
44.611725
44.629744
44.647756
44.665759
44.683753
44.70174
44.719718
44.737687
44.755648
44.7736
44.791545
44.80948
44.827407
44.845326
44.863236
44.881138
44.899031
44.916915
44.934792
44.952659
44.970518
44.988368
45.00621
45.024043
45.041868
45.059684
45.077491
45.095289
45.113079
45.130861
45.148633
45.166397
45.184152
45.201899
45.219637
45.237366
45.255086
45.272798
45.290501
45.308195
45.32588
45.343556
45.361224
45.378883
45.396533
45.414174
45.431806
45.44943
45.467044
45.48465
45.502246
45.519834
45.537413
45.554983
45.572544
45.590096
45.607639
45.625173
45.642698
45.660214
45.677721
45.695219
45.712708
45.730187
45.747658
45.76512
45.782572
45.800016
45.81745
45.834875
45.852291
45.869698
45.887095
45.904484
45.921863
45.939233
45.956593
45.973945
45.991287
46.00862
46.025943
46.043258
46.060563
46.077858
46.095144
46.112421
46.129689
46.146947
46.164196
46.181435
46.198665
46.215885
46.233096
46.250298
46.26749
46.284672
46.301845
46.319009
46.336162
46.353307
46.370442
46.387567
46.404682
46.421788
46.438885
46.455972
46.473049
46.490116
46.507174
46.524222
46.54126
46.558289
46.575308
46.592317
46.609316
46.626306
46.643286
46.660256
46.677216
46.694166
46.711107
46.728038
46.744958
46.761869
46.77877
46.795661
46.812542
46.829414
46.846275
46.863126
46.879967
46.896798
46.91362
46.930431
46.947232
46.964023
46.980804
46.997575
47.014336
47.031086
47.047827
47.064557
47.081277
47.097987
47.114687
47.131376
47.148055
47.164724
47.181383
47.198031
47.21467
47.231297
47.247915
47.264522
47.281119
47.297705
47.314281
47.330846
47.347402
47.363946
47.380481
47.397004
47.413518
47.430021
47.446513
47.462995
47.479466
47.495927
47.512377
47.528817
47.545246
47.561665
47.578073
47.59447
47.610857
47.627233
47.643598
47.659953
47.676297
47.69263
47.708953
47.725265
47.741566
47.757857
47.774137
47.790406
47.806664
47.822911
47.839148
47.855374
47.871589
47.887793
47.903987
47.920169
47.936341
47.952502
47.968651
47.98479
48.000918
48.017035
48.033141
48.049237
48.065321
48.081394
48.097456
48.113507
48.129547
48.145577
48.161595
48.177601
48.193597
48.209582
48.225556
48.241518
48.25747
48.27341
48.289339
48.305257
48.321163
48.337059
48.352943
48.368816
48.384677
48.400528
48.416367
48.432194
48.448011
48.463816
48.47961
48.495392
48.511163
48.526923
48.542671
48.558408
48.574133
48.589847
48.605549
48.62124
48.63692
48.652588
48.668245
48.68389
48.699524
48.715146
48.730757
48.746356
48.761943
48.777519
48.793084
48.808637
48.824178
48.839708
48.855226
48.870732
48.886227
48.90171
48.917182
48.932642
48.948091
48.963527
48.978952
48.994366
49.009768
49.025158
49.040536
49.055903
49.071258
49.086601
49.101932
49.117252
49.13256
49.147856
49.163141
49.178414
49.193675
49.208924
49.224161
49.239387
49.254601
49.269803
49.284993
49.300171
49.315338
49.330493
49.345636
49.360767
49.375886
49.390994
49.406089
49.421173
49.436245
49.451305
49.466353
49.481389
49.496413
49.511426
49.526427
49.541415
49.556392
49.571357
49.58631
49.601251
49.616181
49.631098
49.646004
49.660897
49.675779
49.690649
49.705507
49.720353
49.735187
49.75001
49.76482
49.779619
49.794405
49.80918
49.823943
49.838694
49.853433
49.86816
49.882876
49.897579
49.912271
49.926951
49.941619
49.956275
49.970919
49.985552
50.000172
50.014781
50.029377
50.043962
50.058536
50.073097
50.087646
50.102184
50.11671
50.131224
50.145726
50.160216
50.174694
50.189161
50.203616
50.218059
50.23249
50.24691
50.261317
50.275713
50.290097
50.304469
50.31883
50.333178
50.347515
50.36184
50.376154
50.390455
50.404745
50.419024
50.43329
50.447545
50.461788
50.476019
50.490239
50.504447
50.518643
50.532828
50.547001
50.561163
50.575312
50.589451
50.603577
50.617692
50.631796
50.645888
50.659968
50.674037
50.688094
50.70214
50.716174
50.730197
50.744208
50.758208
50.772196
50.786172
50.800138
50.814091
50.828034
50.841965
50.855884
50.869792
50.883689
50.897574
50.911447
50.92531
50.939161
50.953
50.966828
50.980645
50.994451
51.008245
51.022027
51.035799
51.049559
51.063308
51.077045
51.090771
51.104486
51.118189
51.131882
51.145562
51.159232
51.172891
51.186538
51.200174
51.213799
51.227412
51.241014
51.254606
51.268186
51.281754
51.295312
51.308858
51.322394
51.335918
51.349431
51.362933
51.376424
51.389904
51.403372
51.41683
51.430276
51.443712
51.457136
51.47055
51.483952
51.497343
51.510723
51.524093
51.537451
51.550798
51.564135
51.57746
51.590774
51.604078
51.61737
51.630652
51.643922
51.657182
51.670431
51.683668
51.696895
51.710111
51.723316
51.736511
51.749694
51.762866
51.776028
51.789179
51.802318
51.815447
51.828566
51.841673
51.854769
51.867855
51.88093
51.893994
51.907047
51.920089
51.93312
51.946141
51.959151
51.97215
51.985138
51.998116
52.011083
52.024039
52.036984
52.049918
52.062842
52.075755
52.088657
52.101548
52.114429
52.127299
52.140158
52.153006
52.165844
52.17867
52.191487
52.204292
52.217087
52.229871
52.242644
52.255406
52.268158
52.280899
52.29363
52.306349
52.319058
52.331757
52.344444
52.357121
52.369787
52.382443
52.395087
52.407721
52.420345
52.432958
52.44556
52.458151
52.470731
52.483301
52.495861
52.508409
52.520947
52.533474
52.545991
52.558497
52.570992
52.583477
52.59595
52.608414
52.620866
52.633308
52.645739
52.65816
52.67057
52.682969
52.695357
52.707735
52.720102
52.732459
52.744805
52.75714
52.769464
52.781778
52.794081
52.806374
52.818656
52.830927
52.843187
52.855437
52.867676
52.879905
52.892122
