1579.7324740182041
1579.7328215932457
1579.7332891704664
1579.7341056005905
1579.7352708836452
1579.7368519500762
1579.7388487998994
1579.7416880628034
1579.7453697388999
1579.7507545760564
1579.7578425746196
1579.7685076832954
1579.782749903445
1579.8027886263212
1579.8286238560518
1579.861972908086
1579.9028357913232
1579.96036387352
1580.0345571887874
1580.147194563826
1580.298276152686
1580.4999940272348
1580.7523485507304
1581.0562080806976
1581.4115731734375
1581.8515027684948
1582.375998187663
1583.0451996761612
1583.8591106720917
1584.8905139490967
1586.1394174620661
1587.7608299403346
1589.7547727652654
1592.6034212505594
1596.306861352835
1600.9353142375385
1606.4889301512985
1613.483507974752
1621.919398691594
1633.373622632354
1647.8473706928078
1667.003975316397
1690.846464106941
1722.3049637285185
1761.3873076888337
1825.839462982136
1915.9427131579553
2016.2230259837797
2142.4753194157993
2253.8852347578063
2346.2370974787686
2458.1803259275307
2614.9223064913194
2751.945318559602
2856.9629600494627
2994.708043216493
3190.6957034103934
3424.165303388632
3663.385223292858
3857.035805475481
3969.53081970701
4125.672716576965
4358.73754847022
4550.139419555055
4692.948835686351
4845.683392252756
4988.861747182337
5166.994395215421
5331.204438881973
5410.408361435959
5463.221681449563
5542.457722066956
5648.148666583759
5764.995804130838
5861.013885441738
5925.042138687864
6021.160323120973
6149.418520624053
6282.236421433998
6419.624695459114
6646.828606094346
6975.265593997797
7349.2443102334
7662.854466541968
7990.997062715899
8554.1002804498
9043.519921799383
9332.901666534612
9787.027203761343
10407.001201226481
10932.971399040218
11364.202840327793
11796.073011706128
12459.747849890777
13140.334922154752
13836.665799724355
14640.435604395192
15318.410097393886
15997.707673570621
16678.297250530293
17747.952265231423
19210.279582152954
20727.53802299561
22072.612917345476
23192.196857973373
24352.95603704254
25555.188281629446
26759.843411116195
27966.834983704248
29864.237530265145
32461.49319218516
34799.273925276655
36872.113104742275
39990.20554073682
43198.567252185756
45439.22647149352
47685.93688427936
49938.48747510413
52274.201241083116
54693.75826274205
57120.109075222055
59552.240581526145
62671.60028137394
66487.70063550619
70318.3450735312
74161.80660361568
78148.27980365661
82280.35571315927
86426.85535543994
90586.10026346284
94898.77129975095
100443.09718071166
110416.25953238369
120703.0120347376
127894.74336560672
135114.98246166788
142362.61830115964
149884.12343496596
157680.2150072062
169416.9299783551
181503.7138960923
191480.23878844015
203050.97835064732
214672.85843579486
232961.29863307095
251808.76111873184
264422.7189219762
277513.63018928835
291081.7316384592
304701.2218883808
320276.20793071704
338416.1883324937
357229.3071527105
376135.09172784985
395119.70115702983
414815.37085472397
435242.18320403516
455762.32331863913
476358.70757868834
508737.891779936
543033.7875108297
577477.2566698309
613636.4572407395
644218.1789393192
671532.6039862871
698310.4090399474
729766.4479733165
774220.1224805242
824558.3876437545
857681.6927787036
900590.0793349413
961442.8980434389
1027921.4459767543
1092668.905557519
1155114.0175951265
1208737.6098392352
1248722.7811659728
1315676.1201700962
1389154.6101651813
1444819.4169842128
1506213.4634644352
1573834.2912052865
1646733.968902923
1725353.1792718263
1859508.1595264892
2008263.76824939
2092320.56182805
2152664.198322897
2251262.015769983
2393761.8762834673
2549265.4864479546
2719197.927846208
2910812.784727351
3070346.3213507547
3185370.170243108
3366888.984009509
3622780.232902617
3897182.941669807
4182878.6950735315
4471746.223794471
4690709.304386643
4837440.431893493
5067487.147602135
5383395.191813205
5862081.03730126
6359794.1996050365
6707909.093585109
7235085.363830089
7972173.208962146
8551489.850773359
8941168.429850373
9553920.344802067
10401390.904583747
11288754.555721113
12217438.791609874
13189349.33337786
13951882.088049298
14464536.173308192
15269675.214833999
16381889.61010437
17544998.168064672
18760888.055491474
20032033.482229687
21360488.786560632
23462178.07665662
25715253.944909435
27298582.282607134
29801899.51010545
32483567.99790153
34366958.421638
36320063.450304665
39439990.65900852
42765309.50670927
45099216.19669898
47534934.78497696
50076250.11977978
54088424.507426456
58361154.46257791
61390881.25796357
64531157.66774236
67806943.08199613
71223404.5470127
76614330.90002288
82379752.01940301
86422317.93807788
90638762.81068166
95035962.91427778
99622340.24914381
104405488.99488196
111951393.57571112
120026000.01859377
125687688.18272448
134620134.76754475
144184388.49802998
150891685.9655521
157890784.63435158
165194499.02416813
172817254.340976
180773343.13943693
193330917.09637907
206802270.8056074
216255406.78467697
231180871.88317603
247148160.30861518
258400137.2365328
270157820.67317486
282445840.1070883
295290176.5642228
308718248.52540445
322759006.1477945
337443028.3609527
352802629.6977861
368871976.7057427
385687214.5409714
403286609.5627558
421710700.5031819
441002454.03955746
461207438.7890568
482374018.18825597
504553558.3038215
527800661.1144069
552173419.5176365
577733691.5890214
604547402.000403
632684870.3242998
662221176.7531761
685363408.2677588
709324755.5217761
734245571.4738698
760052589.8118515
786912392.030185
814732298.3723373
843709522.092747
863624231.7965832
894421269.4798529
926535490.8059379
959814352.359274
1006348300.2610612
1042971951.1130232
1068166199.2727915
1094045541.8342884
1120632758.7925794
1147951609.7837567
1176026889.0132837
1204884483.9984045
1234551438.5114274
1265056019.1518474
1296427786.163474
1328697671.253953
1361898063.259002
1396062901.0868385
1431227773.3606186
1467430025.8333766
1504708873.7667317
1543105521.1987534
1582663292.5307648
1623427776.5589244
1665446983.3022938
1708771514.1647096
1753454750.8045433
1799553062.693606
1847126028.1161346
1896236672.322066
1946951729.4219868
1999341934.537808
2053482352.873777
2109452739.2771277
2167337926.868285
2227228256.417491
2289220052.949878
2353416152.849699
2419926469.155085
2488868632.527318
2560368730.3005958
2634562127.6378813
2711594394.2219343
2791622340.7247586
2874815187.6853495
2961355876.7551937
3051442543.228129
3145290207.4819283
3243132713.14672
3345224937.8936625
3451845323.8046637
3563298781.5614367
3679920053.5253444
3802077610.7692747
3930178177.454831
4064672033.9635277
4206059254.370808
4354897087.390577
4511808746.803136
4677493923.773057
4852741418.859166
5038444388.064892
5235618882.285584
5445426573.882972
5669202713.133651
5908490680.657645
6165085243.303263
6441087746.363422
6738977112.538561
7061701487.795282
7412798349.171153
7796554375.598832
8218220330.97562
8684304615.275763
9202983619.933544
9784688703.973864
10442963183.332144
11195741911.530918
12067325974.03833
13091545551.334599
14010449963.33173
15024283698.696495
16280597591.733505
17224212253.70287
18296435375.099323
19373867645.518898
20406732060.86526
21570933002.93087
22895063999.67688
24670090927.308064
27158691131.452526
29510167641.814743
31290862977.301323
33332554451.78431
35699368357.596344
38479349927.27756
41794432535.779274
45819308601.83491
49565332079.79581
52374127190.386345
57145675711.163574
63439095136.017845
68333205882.813835
72669719649.67195
75828826889.0808
81027760571.224
89487671113.69559
97396586662.52657
103337001899.53288
111757606167.37085
121054941513.77733
127974101294.44415
139628479813.95572
154633784485.9655
166114971733.68546
179412767617.20056
194974570997.93295
208795157148.98206
218870238855.88925
229927412725.81165
242110250363.99695
262330912222.26477
287455457022.6251
306272944899.4163
327542188631.2027
351744154661.9848
379488453102.2217
411557888314.1849
455183795217.9697
501857561161.426
536899392776.01904
576600963203.6663
610560967270.1548
634803295162.0027
673815327071.3376
734064778891.8728
804487940886.2668
866857556411.1228
912227514023.7042
986713865393.1918
1106925795668.095
1217718484611.344
1300104157077.9075
1392431459611.0552
1470420710361.7144
1525703176763.8325
1613991580840.3232
1748004835767.0012
1863090960444.5598
1945369151665.1282
2033740296531.028
2128806278650.2612
2231240526908.17
2341797800132.5903
2461325370307.2188
2590775918450.9956
2731222515964.9253
2883875915062.5684
3050104492702.1187
3231457395911.833
3528808496728.06
3886325973501.5547
4148414137771.506
4437200995458.512
4756065998772.164
5108879493354.664
5500080829957.812
5934769713019.957
6418812685781.819
6958968249430.442
7563033877828.788
8240017716684.115
9000339738260.596
9856068241271.191
10821196185399.283
11639274157576.143
12219483489614.58
12837051707073.434
13494712424163.68
14195414475342.752
14942339294212.451
15738919607968.324
16588859886601.734
17496158432667.523
18465131490424.66
19500439102229.89
20607112591440.082
21790584885899.55
23056723356872.707
25089434700893.035
27421167629689.996
29086894250469.48
30872485672297.516
32787260848695.504
35868299365787.75
40601247000106.77
44696085935189.36
47629108979253.44
50781251370629.39
54169779174867.766
57813337605354.84
61732057862455.836
65947673175738.81
70483644326571.27
75365292516581.72
80619945096171.52
86277089398513.08
92368540071161.69
98928615095923.4
105994324520967.7
113605582912917.62
121805428186178.9
130640265043295.9
140160117985411.0
150418904140666.97
161474721670013.75
173390169899604.0
186232686703269.44
200074903340360.28
214995038437138.66
231077302387282.53
248412350924423.3
262426399712423.2
272125980127715.03
287231070383171.7
319793647053527.0
357630810802220.7
378020502828652.3
392131790000824.5
414105325971961.7
445678577931573.56
479701851288031.2
516363146092675.2
555864616985705.2
598423667869051.6
644274102842776.5
693667343490116.4
733572190710165.0
761182176785533.2
789836572686744.8
819574429644323.1
850436245597240.2
882464015324951.8
907391966691542.6
924321359279176.6
941567256562875.8
959135510416444.1
985980365084185.9
1023123540761693.6
1061667112043971.5
1101663296867802.0
1143166239715465.2
1186232086663620.0
1230919063344328.2
1277287550394507.5
1325400160112665.8
1375321817425074.2
1414170339068331.8
1440551408296507.2
1467423416537463.5
1494795410751480.2
1522676603540594.8
1551076376064471.2
1580004281001602.2
1609470045577723.5
1639483574681016.5
1670054954124226.2
1701194454050503.0
1732912532447640.2
1765219838718419.0
1798127217222763.2
1831645710799355.5
1865786564265063.8
1900561227913432.8
1935981361095669.2
1972058835918144.2
2008805741073834.2
2046234385806677.2
2084357303982293.5
2123187258214926.0
2162737243987365.5
2203020493782721.0
2244050481276717.5
2285840925613404.0
2328405795779681.0
2387966392600364.0
2466204096279738.5
2546991623913922.5
2630411322571201.0
2695013959138591.5
2738777973340941.5
2783248710136997.5
2828437478337884.0
2874355765475204.0
2921015240528059.0
2968427756702275.5
3004560954883719.5
3028843307484850.5
3065559478199934.0
3115304107337523.5
3165851090691691.0
3217213246711621.0
3269403595998112.5
3322435364400619.0
3376321986146012.5
3417388326727538.5
3444985599665255.0
3486713696882715.0
3543247596668577.0
3600692231903612.0
3659062125254832.0
3718372026718418.5
3778636916881273.0
3839872010180490.5
3902092758346697.0
3965314853973850.0
4029554234183502.0
4094827084382281.5
4161149842116897.0
4228539201008363.0
4297012114730045.5
4366585800952544.5
4419604759144358.0
4455233611255223.0
4509104564469737.0
4582086550015965.0
4656240896009992.0
4731586198661339.0
4808141342060519.0
4885925502489100.0
4964958152800819.0
5045259066883570.0
5126848324218352.0
5209746314514359.0
5293973742415534.0
5379551632240908.0
5466501332699246.0
5554844521532029.0
5644603210057917.0
5713000613351995.0
5758962581565097.0
5828455370032678.0
5922596002969073.0
6018243611069118.0
6115421946553936.0
6214155126218342.0
6314467637347567.0
6416384343442806.0
6519930489762276.0
6625131708577744.0
6732014024118873.0
6840603857267954.0
6950928030046866.0
7063013770214485.0
7176888716856301.0
7350427031544662.0
7589252825265512.0
7835754853434111.0
8090175180933392.0
8352763277325760.0
8623776189732807.0
8903478742424457.0
9192143781548730.0
9490052434819784.0
9797494341069782.0
1.0114767859961302e+16
1.044218030413927e+16
1.0737814730433142e+16
1.099725669373758e+16
1.130715092307714e+16
1.1672604833786034e+16
1.204969885486983e+16
1.243879445773559e+16
1.2840263845896854e+16
1.3254490271249704e+16
1.3681868353177464e+16
1.4233038403283578e+16
1.5041650014201814e+16
1.6025203065201376e+16
1.7071888332071628e+16
1.7907197022463652e+16
1.848160176792698e+16
1.9074073572656036e+16
1.9685162749967384e+16
2.0236651496734684e+16
2.072043262563423e+16
2.12980595394303e+16
2.1978877005886756e+16
2.2680992776030436e+16
2.340505072899512e+16
2.4151713199263268e+16
2.492166150480234e+16
2.571559651007657e+16
2.6534239192423356e+16
2.7800377186385004e+16
2.959500926406675e+16
3.150254540412218e+16
3.3022992069810704e+16
3.459033146294434e+16
3.6810805538610024e+16
3.858004161930089e+16
4.009959149266625e+16
4.232535000996504e+16
4.5026757401938216e+16
4.717801774463824e+16
4.865572157044616e+16
5.017819850456517e+16
5.1550654673296136e+16
5.275358291033067e+16
5.418860879946925e+16
5.587798163798759e+16
5.7618062748601464e+16
5.941024068890447e+16
6.12559248529e+16
6.3156542651997816e+16
6.511353549613037e+16
6.712835445361774e+16
6.868392955164895e+16
6.973607105179102e+16
7.080348498865636e+16
7.1886351482797e+16
7.298484949464486e+16
7.409915652617136e+16
7.522944824724872e+16
7.637589816573013e+16
7.812006658969064e+16
8.051194796432773e+16
8.297143594365082e+16
8.549973964142645e+16
8.744841705644149e+16
8.87652063649577e+16
9.009978140168515e+16
9.145224822121997e+16
9.282269347970182e+16
9.421119350523557e+16
9.544198558705253e+16
9.650716857207397e+16
9.758258793596763e+16
9.86682574480682e+16
9.994684127792544e+16
1.0142632841736062e+17
1.0292406052918872e+17
1.0444001880906115e+17
1.0597416838771766e+17
1.0752645806341058e+17
1.0909681956408797e+17
1.106851673615657e+17
1.1209061956883301e+17
1.1330529328321448e+17
1.1452991079915104e+17
1.1576440979273525e+17
1.1721610752153013e+17
1.1889248281243402e+17
1.2058595608542166e+17
1.2229629613111989e+17
1.2402340178968298e+17
1.2576682233865512e+17
1.2752652382842768e+17
1.29302385136488e+17
1.3109427998372365e+17
1.3290207889901419e+17
1.3472565033733667e+17
1.3656486058051106e+17
1.3841957427250995e+17
1.398221479064131e+17
1.4076100771041042e+17
1.4217501358108834e+17
1.4407554695835214e+17
1.459912038356098e+17
1.4792191655585894e+17
1.498676182683467e+17
1.5182824303005613e+17
1.5380372557593482e+17
1.5579400133246906e+17
1.5779900643499312e+17
1.5981867511528682e+17
1.618529362864006e+17
1.6390171110183862e+17
1.6648072719797014e+17
1.6960782297885517e+17
1.719771675667921e+17
1.7356469286372253e+17
1.7516015046441203e+17
1.7676351066826733e+17
1.7864328289372314e+17
1.8080553008436733e+17
1.829816446696817e+17
1.8517155464153827e+17
1.8737519924164742e+17
1.8959247775111578e+17
1.9182329417879757e+17
1.940675533686207e+17
1.9745396478428064e+17
2.0202201369949526e+17
2.066421657425071e+17
2.1131370610758637e+17
2.1544567872971456e+17
2.2020555852543274e+17
2.2563012648868512e+17
2.3019646814799677e+17
2.3418838864367014e+17
2.3820956692646246e+17
2.428884527597992e+17
2.4792645360106128e+17
2.530112029858993e+17
2.5814227972334986e+17
2.6331927851736874e+17
2.682154022197684e+17
2.7249083186142074e+17
2.767936165905087e+17
2.817949595084757e+17
2.871740146833443e+17
2.925970321216677e+17
2.9806369335568966e+17
3.063286885786859e+17
3.1752025198978336e+17
3.288813145836889e+17
3.404100825192783e+17
3.5064298397489914e+17
3.580293151088606e+17
3.6397925335506464e+17
3.6996986418200326e+17
3.760009495986758e+17
3.8207231418398854e+17
3.881837650473184e+17
3.9433511174640096e+17
4.0052616619781414e+17
4.067567425944848e+17
4.1302665733328806e+17
4.177584610176989e+17
4.2092275232826477e+17
4.248902829917172e+17
4.296731571947058e+17
4.350783742901399e+17
4.4111804678648634e+17
4.475963465852607e+17
4.5452267633652096e+17
4.6128696161004115e+17
4.678841280006941e+17
4.741043101093067e+17
4.7993855615877446e+17
4.853826594793968e+17
4.912699983935477e+17
4.9803551671696525e+17
5.048380087662717e+17
5.116773188763701e+17
5.1855329295130944e+17
5.271938998104879e+17
5.3503174068697856e+17
5.402773052146738e+17
5.464207846171561e+17
5.53477820058231e+17
5.605706264026957e+17
5.668080056388428e+17
5.721743007699433e+17
5.782337819797988e+17
5.849975447148123e+17
5.922451754561281e+17
5.999853051663607e+17
6.077647929144754e+17
6.155834762662789e+17
6.222856475647775e+17
6.278516541612882e+17
6.339024315815786e+17
6.409121948440204e+17
6.484234053649283e+17
6.559686167200207e+17
6.635477011836184e+17
6.711605321634305e+17
6.788069841846998e+17
6.864869328741489e+17
6.942002549448052e+17
7.019468281808215e+17
7.09726531422711e+17
7.175392445524079e+17
7.244041479881416e+17
7.303067938684114e+17
7.372146730758876e+17
7.451419896571284e+17
7.526043007256032e+17
7.595939110621588e+17
7.67610277692208e+17
7.76669395207087e+17
7.877912059315772e+17
7.97966707270945e+17
8.056243759047548e+17
8.138242012920152e+17
8.220555645929523e+17
8.30318359093826e+17
8.386124789530191e+17
8.469378191890273e+17
8.552942756686747e+17
8.636817450955872e+17
8.763093149510053e+17
8.922091205778213e+17
9.07142561472202e+17
9.227057577618723e+17
9.34590235219527e+17
9.432598197831556e+17
9.530510637938926e+17
9.650643726981472e+17
9.804386665519429e+17
9.975677284673426e+17
1.0109172005658906e+18
1.0198461347256983e+18
1.0332833314379219e+18
1.049625302916684e+18
1.0609543443305252e+18
1.0717468573474856e+18
1.0843026393735041e+18
1.0980534451686355e+18
1.1107268206112545e+18
1.1199721620805911e+18
1.1292457624839268e+18
1.1420357068341126e+18
1.1583997698683418e+18
1.176024326357118e+18
1.1902073045838492e+18
1.2008756563979515e+18
1.2175311873506982e+18
1.2378869550021527e+18
1.2523375682433577e+18
1.2644137043554028e+18
1.2789659847253235e+18
1.2960144264514322e+18
1.3149934819262438e+18
1.334684885124754e+18
1.3495380890938097e+18
1.3625650217625452e+18
1.3806382116840353e+18
1.4000531448070943e+18
1.420198792085964e+18
1.4404483308821734e+18
1.4658894592183626e+18
1.4992132901224527e+18
1.5328268516960968e+18
1.5627798579399685e+18
1.591620310809411e+18
1.627246748659115e+18
1.669866278247254e+18
1.728334935736638e+18
1.7965795754970225e+18
1.860826776422314e+18
1.9587789172802537e+18
2.0619204480214316e+18
2.151878630521054e+18
2.2861981163731346e+18
2.4193887669178516e+18
2.5115222623872184e+18
2.603168873780399e+18
2.7290983321790423e+18
2.8462451446714527e+18
2.957651622019396e+18
3.112521562305933e+18
3.270681014256222e+18
3.43259222360882e+18
3.654570212514314e+18
3.8626267031758515e+18
4.01388395219207e+18
4.273032995856427e+18
4.6110523865006085e+18
4.851165893357764e+18
5.04935685696044e+18
5.37243208438666e+18
5.714134548716633e+18
5.959302600259127e+18
6.224272551319906e+18
6.672883006960993e+18
7.161239687346428e+18
7.462838741217316e+18
7.7765083661129e+18
8.245901708719147e+18
8.702317070794373e+18
9.006899378648475e+18
9.316568099923761e+18
9.777672024474208e+18
1.0343216412877654e+19
1.0849248347458677e+19
1.133136906396617e+19
1.176056002268659e+19
1.2244235981823961e+19
1.2798747325140226e+19
1.3459390894891047e+19
1.4416823669011175e+19
1.5190765111444906e+19
1.5824464072208527e+19
1.669840847641849e+19
1.7502424894451442e+19
1.8356611092617734e+19
1.91950394334731e+19
2.0191987752814146e+19
2.145595147809849e+19
2.253780865370731e+19
2.385329211122191e+19
2.501103510809922e+19
2.6224244018197856e+19
2.7507537181306098e+19
2.8658148860922286e+19
2.991116336323621e+19
3.128541361686601e+19
3.2732071941301326e+19
3.416519081781277e+19
3.5794404698471027e+19
3.752898904573844e+19
3.951691868374177e+19
4.162488578808339e+19
4.375017658952904e+19
4.60306161443056e+19
4.8976294843389075e+19
5.169334412620058e+19
5.350318903053077e+19
5.617639232046284e+19
5.9497130905274016e+19
6.222648596891561e+19
6.4591064223465275e+19
6.6895271914300465e+19
7.006560586744041e+19
7.514080736307565e+19
8.051516995762928e+19
8.54054406305876e+19
8.929556789347744e+19
9.274395959101668e+19
9.692410998226815e+19
1.011926780465494e+20
1.0516007271446628e+20
1.0915595639145367e+20
1.157938327867683e+20
1.228972209348699e+20
1.2809356152514042e+20
1.3415749784097474e+20
1.40406057385512e+20
1.4539039253289343e+20
1.5314397641548107e+20
1.6354521572574557e+20
1.7190074709626782e+20
1.7766680340905103e+20
1.85496197976227e+20
1.945090975712491e+20
2.0370646989978635e+20
2.149201263464105e+20
2.2672238159733096e+20
2.3802457785962968e+20
2.49783619709254e+20
2.6537734169957912e+20
2.8087322501001108e+20
2.9600769282538845e+20
3.1119810391128146e+20
3.2376307162209334e+20
3.381502276452518e+20
3.529345328767847e+20
3.710363490148596e+20
3.981038492050427e+20
4.2736126035551296e+20
4.5556804415235477e+20
4.786127393182552e+20
4.9599766569262567e+20
5.215036845060576e+20
5.464961027385147e+20
5.6914143403462826e+20
6.076080687984909e+20
6.437920718059206e+20
6.70798570816272e+20
7.014056132308925e+20
7.362745878880694e+20
7.754978034931454e+20
8.237214542815303e+20
8.656603807454365e+20
9.057751227453339e+20
9.662120394003441e+20
1.0249254624322182e+21
1.065867244434887e+21
1.1168209185151021e+21
1.180572454520255e+21
1.250036690358089e+21
1.320095951128715e+21
1.3746664305252363e+21
1.4290794933294725e+21
1.5009864010228021e+21
1.5954540034649474e+21
1.681718626857734e+21
1.7468962977026673e+21
1.8308311047281078e+21
1.9521164307049255e+21
2.0848029096712224e+21
2.1988612522500167e+21
2.297117161827674e+21
2.412753140572597e+21
2.527749919006292e+21
2.6462732102706827e+21
2.7576332815813884e+21
2.8864023344272806e+21
3.018053952606482e+21
3.1641265772505664e+21
3.369602528848259e+21
3.549395318739798e+21
3.7533049776167956e+21
3.947745676932954e+21
4.0916421703212267e+21
4.3215994395218427e+21
4.5372430385312044e+21
4.676141631818365e+21
4.860157771325245e+21
5.121823722590262e+21
5.416088555847615e+21
5.680398698654332e+21
6.005557932160571e+21
6.422281801230451e+21
6.824757691870479e+21
7.150976402598351e+21
7.337253494276413e+21
7.451524827146645e+21
7.532725124477779e+21
7.583406988817904e+21
7.614611593610772e+21
7.633417872514486e+21
7.644405318440944e+21
7.652641677384525e+21
7.661000539131492e+21
7.667466355365724e+21
7.671540942579097e+21
7.674108318344788e+21
7.675725880288848e+21
7.676744965910263e+21
7.67738698291196e+21
7.677926259843205e+21
