3953.5687386885984
3953.568847443563
3953.568993746814
3953.5692492049825
3953.569613818299
3953.570108529264
3953.5707333384
3953.5716217375575
3953.5727737286493
3953.5744586403234
3953.5766764800164
3953.5800136150574
3953.584470076365
3953.590740349111
3953.5988245274125
3953.6092600502097
3953.622047120502
3953.6400496391625
3953.6632683828643
3953.6985198361635
3953.745807506969
3953.8089501319364
3953.8879559852016
3953.9831020755796
3954.0944010796948
3954.2322165888854
3954.3965787341835
3954.606357792153
3954.8616321828827
3955.185288288828
3955.5775077255007
3956.0871181974276
3956.714608525493
3957.61220654559
3958.781881517602
3960.247124596542
3962.0113927104194
3964.2411547894044
3966.944526516498
3970.634322908877
3975.338238511278
3981.618659293089
3989.5464512425165
4000.1517898079787
4013.6184622704545
4036.2970170940175
4069.4523639127137
4107.875501869338
4158.4033772733765
4205.199388825815
4244.938483018611
4294.4930368521145
4365.819607179718
4430.188100928229
4479.891625967385
4545.3322946592725
4638.011971968491
4746.466411166344
4855.8176551096885
4943.64834231608
4994.906848123873
5066.834435307034
5179.274714277051
5279.275108618243
5358.075181927131
5448.964608827407
5542.140958981842
5669.905799214748
5814.557537997595
5892.980381274514
5948.9444902563255
6039.60727879021
6183.600678362329
6375.669311218979
6561.019305250346
6687.934161262213
6876.810375420891
7107.199035346754
7316.390530030678
7502.906118681718
7770.76785656046
8065.937214627977
8333.930362576051
8514.845767189025
8686.256978739451
8933.48454357106
9105.599333159334
9199.557047007205
9336.498309925337
9498.918358279416
9620.804888178918
9713.349202519454
9799.656423059945
9923.757424298941
10036.111776966667
10144.594266229507
10257.35924034665
10346.122596497511
10429.492232126286
10508.096560177511
10624.790020365466
10767.595172968884
10901.901236555104
11010.26784048307
11095.131436682306
11178.261938592783
11259.584534363308
11336.77637027407
11410.258189611188
11520.34164947528
11657.542144547866
11771.164253599416
11865.976864022688
12000.619495057797
12125.308787232909
12208.079090616096
12287.247556184106
12363.192753965785
12438.714148101291
12513.661711324392
12585.78081302601
12655.273861366175
12741.117256834948
12840.491920348179
12935.280476937212
13026.045343453166
13116.15928855556
13205.45367332637
13291.263560195388
13373.861729587205
13456.243142849758
13558.160562386636
13732.172483179866
13895.32323048713
14004.107819916033
14108.603005093584
14209.349757481008
14310.082429443451
14410.58322375161
14556.437995483739
14696.899169358927
14809.111446049397
14933.945091374042
15054.570212948616
15237.641842018946
15413.404874677108
15527.303575350505
15642.007361890048
15757.359347822612
15869.905095319675
15995.20342293929
16136.501489647359
16278.40485444021
16416.812073000372
16552.02982589148
16688.81514975141
16827.152492760917
16962.834993908105
17095.940530593307
17300.680036671463
17508.38995505239
17712.551388965338
17919.14409939239
18090.24324379129
18239.3306510437
18383.378186344737
18548.85518867577
18778.093844515097
19027.970825835997
19188.150138148914
19392.42533904284
19671.026819103554
19963.92545263288
20236.31013898819
20489.673182279617
20697.93989592012
20849.408302254687
21096.407179775084
21352.571062606592
21540.85462260985
21742.160169202376
21956.55553512219
22179.86593015711
22412.37462047387
22794.998728007427
23187.579866272175
23400.586659477634
23550.449291577326
23790.496314105152
24123.816096884908
24473.61859440382
24841.98909603635
25243.257406880726
25566.270769163693
25795.34713945806
26151.311855629025
26639.5598763856
27150.761481655987
27671.8869817566
28189.781235651513
28576.60876533092
28834.07502624729
29235.161803897696
29779.087617744237
30593.24637513971
31419.422498737913
31989.638391084583
32840.42236849189
33992.50848226359
34866.14441230702
35442.79640927198
36332.12627830159
37511.45049770077
38694.74836814635
39878.55146576363
41062.29943697445
41946.59081823962
42526.542264406955
43414.85475379934
44577.41533891727
45727.89961527657
46861.08596592322
47976.08501866215
49068.38243187769
50686.90090201607
52201.854375333874
53196.04785853885
54668.700928443446
56058.64989124908
56977.32508876064
57877.761372907604
59240.743172614304
60556.60168364044
61438.295647979015
62320.51376347869
63204.4665767577
64549.50547543064
65888.12612917632
66808.84787206007
67736.17012586861
68678.45911925368
69636.86683319272
71115.0147816138
72630.35012459515
73672.29568391616
74739.55788146585
75832.97898905654
76954.62769441583
78105.04395249637
79891.03109202506
81741.64340986998
83018.1505700956
84999.32575286667
87048.97972474969
88460.33311284542
89905.96236237162
91385.5020865153
92899.97435707568
94448.56499688688
96842.5924541257
99301.86221348714
100988.90331280233
103592.51327653075
106251.16231302245
108080.79752216047
109946.42359681008
111848.32155128664
113787.41708552305
115764.23063344088
117778.90462990479
119832.09992022267
121924.87618951763
124058.11681055972
126232.73020034148
128450.1442768007
130711.69175946696
133017.84633501963
135369.5245015151
137768.34096024977
140215.09612467274
142710.91051817068
145258.17798371345
147858.6359044738
150513.2496789127
153223.43293980492
155991.06839040175
158101.02258784472
160256.27382124134
162437.5130587806
164665.06501993793
166918.595178181
169219.59570724808
171549.14524373878
173127.67429422642
175534.7817054319
177975.35719034352
180468.8551498586
183856.97471500668
186447.63172955622
188204.18418495663
189982.43224191415
191782.75193658765
193605.60819745017
195451.592643331
197321.36925991272
199215.65764618674
201135.18438137052
203080.60409559862
205052.49360145733
207051.40672308768
209077.90208358705
211132.5792578349
213216.1302200939
215329.33395003228
217473.01732248857
219648.02211618345
221855.13680590634
224095.1401788706
226368.91485023906
228677.4321665326
231021.698762263
233402.76806011726
235821.79933394084
238280.12840597017
240779.2940626475
243320.74920245958
245905.692344481
248535.32778937975
251211.07884745757
253934.695934829
256708.1294565791
259533.2831621403
262412.05052060925
265346.5412403172
268339.1177239871
271392.1574128253
274507.8891328662
277688.6019946365
280937.3031445036
284257.83910973003
287654.4248405485
291131.20246735914
294691.7795856665
298339.7154139168
302079.3338685618
305915.77057982865
309854.5249325821
313900.97006612306
318060.5023299781
322339.9988426108
326748.6792970889
331297.40559186623
335997.5412089447
340860.49951278657
345898.86279831716
351126.76915770635
356558.3776390206
362207.4012839356
368089.8971901418
374229.2782216276
380656.7258015914
387406.7605480415
394516.08365393593
402026.27538288117
409985.3348280724
418448.2969070505
427485.2411898139
437192.56398041506
447689.0701685538
459107.2396539803
471615.85701663257
485451.14211726707
500927.33399587404
514078.92538477725
528172.7274887759
544558.1687415795
556444.3856456098
569456.7757892822
582015.5496999866
593671.7008332325
606366.5438613822
620280.7802050239
638196.4998048368
661868.344799323
682797.8842710903
698081.4525119712
714924.7476020533
733612.731906399
754539.2790650461
778242.3533538424
805436.3612137849
829174.2469163921
846353.2962969678
874457.2161487108
908541.8396714879
933828.541814532
955108.5739348396
970191.2884037881
994307.6253680252
1031155.6066141377
1063251.471967104
1086453.0790728114
1118024.9168730644
1150618.577463171
1174011.5740877204
1211930.0691216756
1256765.2825103495
1289502.2909272786
1325560.2115639353
1365524.488696895
1398982.1990310003
1422617.961037865
1447718.8452150684
1474440.7955052797
1517216.7193470008
1566338.390503656
1601596.9758117674
1639693.4381123742
1681021.8352070549
1726050.2081327299
1775339.1600266683
1838571.9102210389
1900676.6619924493
1945214.9055099743
1993286.5334688372
2032345.9632417767
2059491.131651895
2101975.8490235847
2163849.5480775298
2231787.3687319076
2288048.5807203446
2327549.9916696083
2390055.608635738
2483308.7040998144
2562205.495319773
2618258.762873724
2676226.4680885817
2720916.7213020455
2751175.6245347476
2797322.378188606
2861169.272254249
2911121.7720060092
2945195.1926097265
2980097.354558549
3015891.0629069824
3052642.2495914167
3090420.2560787657
3129298.1982610007
3169352.9940579217
3210665.643054678
3253321.5640325723
3297411.005880335
3343029.15231451
3413889.831444491
3490152.948226844
3542970.053629686
3597876.613428134
3655005.106962399
3714496.4139297633
3776500.669950113
3841178.2532694293
3908700.766535254
3979252.294008403
4053030.4552800003
4130244.399484737
4211110.813190122
4295852.136147977
4384694.855205697
4454585.088463139
4502304.731723181
4551174.818251039
4601224.06801865
4652481.6260269405
4704977.169266363
4758740.949178471
4813803.753103531
4870197.009919596
4927952.845716902
4987104.3644451
5047685.639915657
5109731.620376542
5173277.911557033
5270894.030251033
5373301.880955816
5443226.079473422
5514832.308702738
5588157.402962976
5700768.540313001
5858161.456750724
5981903.046061774
6066341.512699862
6152751.204145211
6241168.542152644
6331630.212070957
6424173.415345474
6518836.178096745
6615657.700369657
6714678.324141501
6815939.545969691
6919484.015343987
7025355.566635811
7133599.224379242
7244260.500447311
7357384.761305231
7473016.850097859
7591201.128488557
7711981.57248084
7835401.74899956
7961504.608296127
8090332.546137516
8221927.936637006
8356333.304375978
8493591.582094697
8633746.122415122
8776840.902859896
8886404.503555723
8960201.689936632
9072034.696076635
9300307.952954661
9538189.48795951
9659614.455843814
9741406.856085738
9865376.973130185
10034177.847310979
10206607.838790875
10382786.3585218
10562823.364239372
10746817.828131532
10934857.336046228
11127017.0697677
11274278.704888511
11373508.999253003
11473799.643848386
11575156.952028304
11677587.450443098
11781097.7663722
11859546.11146094
11912118.05597951
11964963.692872064
12018083.894525511
12098177.05807347
12206074.72367626
12315087.499453729
12425222.916252049
12536488.702710196
12648892.647381606
12762442.681718808
12877146.592680043
12993012.051803615
13110046.430337774
13198705.075661076
13258106.314113334
13317803.609338865
13377797.78756243
13438089.669007953
13498680.04756108
13559569.709942468
13620759.414424058
13682249.90973456
13744041.912775664
13806136.12850986
13868533.228677351
13931233.873879338
13994238.693054765
14057548.305996232
14121163.301667754
14185084.25952033
14249311.723570524
14313846.221365143
14378688.239263939
14443838.244818661
14509296.663120463
14575063.90099692
14641140.323664324
14707526.27890614
14774222.07220823
14841227.990822347
14908544.278298369
15001452.046826653
15120589.699742107
15240677.749416696
15361716.546205875
15453209.719107553
15514443.07762256
15575913.984465323
15637622.368249323
15699568.147125715
15761751.211933138
15824171.435258094
15871164.4873236
15902552.44836531
15949723.122286238
16012853.887227403
16076221.225841373
16139825.024675967
16203665.188275702
16267741.639300156
16332054.31898097
16380466.093620647
16412799.687754204
16461388.570346834
16526409.744699998
16591667.104991658
16657160.679912439
16722890.526755119
16788856.710148044
16855059.32289584
16921498.462938603
16988174.254916687
17055086.830371864
17122236.338575196
17189622.94371249
17257246.82502256
17325108.177427974
17393207.212531652
17444460.037131313
17478688.14250365
17530119.56628033
17598933.063950457
17667985.26286393
17737276.45898065
17806806.963834174
17876577.10390067
17946587.2195048
18016837.66393213
18087328.8031509
18158061.01571857
18229034.692866948
18300250.23882875
18371708.07141023
18443408.622661572
18515352.338866547
18569492.951543998
18605647.71709475
18659971.38253122
18732647.369990677
18805568.428137712
18878735.05652956
18952147.762469675
19025807.062399846
19099713.483680584
19173867.56628037
19248269.86437824
19322920.947405003
19397821.400421843
19472971.823131904
19548372.825581834
19624025.02327557
19737880.636811156
19890698.411840655
20044532.569850374
20199388.131206617
20355270.167893212
20512183.742298815
20670133.81590566
20829125.210848525
20989162.668240152
21150250.91637249
21312394.658720884
21475598.503395643
21619333.858607043
21743136.767760355
21888276.309764873
22055225.143726494
22223254.03156572
22392367.348399147
22562569.4636946
22733865.012086283
22906259.171415698
23123131.24293608
23429669.966824047
23784505.596040305
24143917.228213888
24416968.32620243
24600180.285940494
24784579.97374098
24970179.121177346
25133638.81205747
25274434.887137793
25439505.204139635
25629399.264045857
25820547.121871118
26012959.256545346
26206645.310135357
26401614.053118993
26597873.38834619
26795430.37107006
27093719.158005897
27496683.56091304
27904929.830262613
28215091.41107628
28527234.95590842
28948703.11046884
29268765.853899017
29537127.336179398
29916265.44814558
30354772.314926278
30687523.610028457
30910630.229454145
31134992.575238727
31332393.68143684
31502280.804660697
31701269.602038294
31929858.644793905
32159585.443904147
32390405.306164928
32622264.171892647
32855096.412460268
33088823.493305817
33323351.839906193
33499768.71956391
33617529.70208387
33735422.00923185
33853426.519253895
33971522.788049065
34089688.78280886
34207900.89952762
34326133.6470646
34503470.856015354
34739712.8164369
34975493.5384516
35210524.096664265
35386000.96804021
35502655.19482352
35618931.372801356
35734782.26388895
35850158.11023712
35965006.72077606
36064991.46368001
36150339.15446105
36235309.39721781
36319878.16085484
36418044.86813671
36529427.702395864
36639944.93655106
36749538.00014235
36858148.290139996
36965701.83357702
37072100.832749486
37177265.30388517
37268157.52819154
37345315.39682611
37421702.38661538
37497298.00876571
37584546.850579426
37682779.21076135
37779488.30669372
37874632.84326289
37968176.28450847
38060100.66430094
38150399.394645065
38239027.62738129
38325933.327406436
38411099.710314795
38494522.38406057
38576198.48668641
38656127.32371527
38714766.03631348
38753424.63856256
38810765.35814619
38885500.300316215
38958523.22044065
39029843.87407135
39099472.72018351
39167420.95822679
39233700.394691944
39298323.96154959
39361304.376480654
39422638.79649053
39482323.716206916
39540374.067816176
39610918.47863447
39691994.923101075
39750171.39465789
39788092.92779887
39825161.65050952
39861387.40972585
39902679.301225066
39948411.125851914
39992709.19461829
40035599.67338216
40077110.70286894
40117270.16074816
40156105.91002667
40193642.43973916
40248035.07866434
40315639.54249427
40378581.95744782
40437136.88383573
40484770.492273144
40536283.56628484
40589076.20602459
40629866.51377039
40662933.597914346
40694139.68703046
40727763.68988317
40760888.228093125
40791438.954728454
40819575.458105214
40845452.89082863
40867735.08428773
40885641.459939495
40902411.526588395
40920320.04785337
40937784.41236673
40953733.15963898
40968287.50519851
40988202.777027145
41010303.09354576
41028743.725901574
41044173.15987017
41055510.92235732
41062630.03628947
41067861.6486549
41072671.64179495
41077098.45702982
41081177.71354251
41084942.09970899
41088421.54321966
41091643.469896115
41094633.053861424
41097413.43408721
41099358.001035385
41100611.31894387
41102127.1394571
41103861.176286146
41105724.51605928
41107685.607182406
41109673.62526331
41111675.6786185
41113525.35802282
41115243.808704466
41116792.880343154
41118193.637138255
41119457.02881163
41120786.39020786
41122263.08393441
41123702.31558797
41125108.65794398
41126486.23722952
41128176.88755923
41129663.10447415
41130643.93691343
41131777.87506032
41133060.09136107
41134330.767466664
41135434.241506025
41136375.58632511
41137430.3168135
41138597.41631139
41139838.34303783
41141153.359360404
41142466.12139456
41143777.63836311
41144895.99872671
41145821.69126098
41146824.95729554
41147983.48041859
41149220.76453278
41150459.966252565
41151701.427357435
41152945.44902601
41154192.294862315
41155442.19444743
41156695.34788241
41157951.929667726
41159212.09201914
41160475.96867551
41161585.21445057
41162538.20370835
41163652.643402345
41164930.35083746
41166132.0745849
41167256.887182176
41168546.08444613
41170001.826969616
41171787.715407714
41173420.043291636
41174647.856498115
41175961.881122135
41177280.27029697
41178603.02821357
41179930.15665911
41181261.65532122
41182597.522026956
41183937.75301623
41185954.63589011
41188492.0445807
41190873.56831873
41193353.84386144
41195246.52219077
41196626.766398855
41198184.95046706
41200095.98866203
41202540.28922852
41205261.824673206
41207381.42785566
41208798.68168115
41210930.818197936
41213522.204588875
41215317.76381525
41217027.82298295
41219016.35171639
41221193.31568629
41223198.65338391
41224661.13204289
41226127.64860638
41228149.6426338
41230735.3624655
41233518.85697807
41235757.54583741
41237441.001519226
41240068.30538904
41243277.28823102
41245554.10564504
41247456.28451484
41249747.55720307
41252430.7611443
41255416.20762297
41258512.1511713
41260846.09854071
41262892.60040008
41265730.53563992
41268777.64408545
41271937.76587523
41275112.5105993
41279099.092156604
41284316.74047564
41289574.907387376
41294256.76077568
41298761.446423426
41304321.995018534
41310966.92647307
41320073.11938713
41330682.05295611
41340654.24512484
41355832.36582529
41371762.63005537
41385631.0678726
41406284.04127726
41426681.57943666
41440757.680312045
41454731.6580197
41473887.54017225
41491644.868311554
41508501.19740367
41531858.379234925
41555624.61537813
41579877.28357086
41613004.74418488
41643885.13645732
41666272.306563854
41704508.5087237
41754037.46212268
41789023.68310645
41817817.148604535
41864564.284635104
41913657.46757748
41948730.91724889
41986496.50221385
42050124.174449965
42118738.8336804
42160876.20201057
42204545.03128295
42269497.11756919
42332137.39783535
42373711.480064586
42415826.30872785
42478178.02527232
42554025.66215525
42621298.470159665
42684985.990612976
42741221.78910103
42804298.12034791
42875897.628510796
42960627.55619672
43081797.23568458
43178238.68964851
43256621.14124617
43363499.64147458
43460435.75158015
43562508.33767851
43661157.79888173
43777523.07016751
43922162.42362635
44044176.676975414
44190445.278811604
44316614.55035056
44447596.90083307
44583254.03726886
44703634.96802069
44832465.76027772
44972045.516940825
45116105.10253181
45256947.20009891
45414052.87680074
45578515.66227995
45763146.26870669
45954747.847449146
46143661.07536522
46342137.23786791
46592257.36477644
46815445.96180546
46961360.69426902
47173605.16575871
47428365.730291724
47632464.3491285
47805350.65060304
47970748.26012839
48193617.11253877
48539064.80131034
48886944.51966491
49193032.7388224
49426932.56050198
49630837.703495465
49870048.896543674
50108126.920558
50322341.7749336
50533783.496236876
50874053.711473964
51219758.290485546
51464200.90882837
51741893.89351951
52016200.844354995
52229242.63516608
52551850.0840983
52961771.06885379
53274979.15010379
53484662.53944658
53762722.634287395
54067853.70218283
54369502.597517155
54720408.152375996
55073275.04072036
55395299.51672706
55717739.0327427
56125015.13351092
56505295.165296756
56860993.095127
57198563.875163905
57466882.122266
57762961.4307903
58052814.27232402
58394970.20289757
58874687.79348203
59353259.68452904
59784183.724126674
60112965.48546617
60351567.720362775
60687962.97700952
60994583.094615795
61263272.86347308
61693175.52963941
62061617.92115364
62324749.678646915
62606928.63254901
62911545.880424485
63232097.99315666
63601732.70980138
63895171.776397526
64165351.85844958
64540248.890812114
64872415.50963142
65088301.51466751
65346677.6737814
65640948.12180513
65941177.383363836
66214248.0076047
66414556.180186845
66601889.703031056
66835914.77100972
67114321.47888501
67344867.91648616
67506258.12384124
67703622.15731212
67958977.72805676
68207762.5907379
68396510.00102636
68547343.7182161
68708770.65889157
68853866.34504035
68990502.23476224
69106078.86821862
69230071.31030267
69340890.59830384
69455104.51440324
69591693.00764199
69692982.67229337
69794751.86540335
69872720.98922706
69924995.7785601
69996784.77651705
70047993.9870229
70077058.72202013
70109872.36073947
70146020.27473772
70172261.60443221
70186142.96930222
70193712.72892956
70186186.47549824
70165511.64018972
70140228.2570596
70123404.48901445
70112331.42105065
70104079.79067767
70098785.31641772
70095471.93539207
70093455.7392624
70092271.2083342
70091380.4798263
70090473.19031675
70089769.17228201
70089324.64624368
70089044.20730528
70088867.38157833
70088755.92527312
70088685.68780549
70088626.6801974
